60,whinderssonnunes,44200000,4274709210,Comedy,whinderssonnunes,558,Brazil,BR,Comedy,1741,4,1,26683000,6700,106700,80100,1300000,nan,2013,Jan,21,51.3,212559417,12.08,183241641,-14.235004,-51.92528
Sudek,0,Mexico,MX,Comedy,3612215,3021,nan,nan,0,0,0,0,nan,2010,Jun,18,40.2,126014024,3.42,102626859,23.634501,-102.552784
79,CarryMinati,39200000,3294013141,Comedy,CarryMinati,186,India,IN,Comedy,2487,21,2,78688000,19700,314800,236100,3800000,700000,2014,Oct,30,28.1,1366417754,5.36,471031528,20.593684,78.96288
Entertainment,220,India,IN,Comedy,178,24,3,49861000,12500,199400,149600,2400000,100000,2017,Mar,20,28.1,1366417754,5.36,471031528,20.593684,78.96288
MOVIES,217,India,IN,Comedy,357,35,4,24736000,6200,98900,74200,1200000,100000,2013,Nov,11,28.1,1366417754,5.36,471031528,20.593684,78.96288
AVENTURAS,65,Venezuela,VE,Comedy,3361188,522,2270,3589,0.9,14,11,172,100,2018,Dec,16,79.3,28515829,8.8,25162368,6.42375,-66.58973
157,Round2hell,30700000,3145161634,Comedy,Round2hell,67,India,IN,Entertainment,2687,41,45,31822000,8000,127300,95500,1500000,300000,2016,Oct,20,28.1,1366417754,5.36,471031528,20.593684,78.96288
vines,151,India,IN,Comedy,1622,42,8,26171000,6500,104700,78500,1300000,100000,2009,Jul,6,28.1,1366417754,5.36,471031528,20.593684,78.96288
177,Enaldinho,29200000,11627437847,Comedy,Enaldinho,3654,Brazil,BR,Games,338,10,15,303100000,75800,1200000,909300,14500000,1000000,2012,Nov,7,51.3,212559417,12.08,183241641,-14.235004,-51.92528
178,AuronPlay,29200000,4079141673,Comedy,AuronPlay,404,Spain,ES,Comedy,1852,3,9,12143000,3000,48600,36400,582900,nan,2006,Feb,28,88.9,47076781,13.96,37927409,40.463667,-3.74922
207,enchufetv,26700000,10317306313,Comedy,enchufetv,975,Colombia,CO,Comedy,420,5,11,24363000,6100,97500,73100,1200000,nan,2011,Nov,13,55.3,50339443,9.71,40827302,4.570868,-74.297333
217,Smosh,26100000,10435474336,Comedy,Smosh,1619,United
232,LankyBox,25400000,34300482066,Comedy,LankyBox,8775,United
LaBelle,287,nan,nan,Comedy,290,nan,14,398765000,99700,1600000,1200000,19100000,700000,2009,Mar,11,nan,nan,nan,nan,nan,nan
Slack,901,Brazil,BR,Comedy,252,13,14,761451000,190400,3000000,2300000,36500000,1100000,2020,May,18,51.3,212559417,12.08,183241641,-14.235004,-51.92528
Show,2905,Germany,DE,Comedy,34,1,15,756717000,189200,3000000,2300000,36300000,800000,2019,Jul,10,70.2,83132799,3.04,64324835,51.165691,10.451526
307,Heroindori,22600000,9223534599,Comedy,Heroindori,495,India,IN,Entertainment,508,62,81,399152000,99800,1600000,1200000,19200000,1400000,2020,Jun,29,28.1,1366417754,5.36,471031528,20.593684,78.96288
341,YOLO,21400000,1573058816,Comedy,YOLO,0,Germany,DE,nan,4057944,3810,nan,nan,0,0,0,0,5,2013,Jun,11,70.2,83132799,3.04,64324835,51.165691,10.451526
Canalha,288,Brazil,BR,Comedy,5407,18,18,23897000,6000,95600,71700,1100000,nan,2011,Apr,8,51.3,212559417,12.08,183241641,-14.235004,-51.92528
371,Bizarrap,20600000,7657171980,Comedy,Bizarrap,83,Argentina,AR,Entertainment,711,8,98,193176000,48300,772700,579500,9300000,200000,2017,Jan,15,90,44938712,9.79,41339571,-38.416097,-63.616672
389,dednahype,20200000,20919403720,Comedy,dednahype,1935,Latvia,LV,Comedy,108,1,19,1245000000,311200,5000000,3700000,59800000,1200000,2020,Mar,20,88.1,1912789,6.52,1304943,56.879635,24.603189
410,JennaMarbles,19700000,1803249241,Comedy,JennaMarbles,250,United
431,TheOdd1sOut,19100000,4566120190,Comedy,TheOdd1sOut,139,United
Comedy,4487,India,IN,Comedy,1033,81,24,102431000,25600,409700,307300,4900000,200000,2007,Jan,31,28.1,1366417754,5.36,471031528,20.593684,78.96288
462,TheWillyrex,18400000,7038827526,Comedy,TheWillyrex,6943,Spain,ES,Games,825,7,33,11004000,2800,44000,33000,528200,nan,2011,Jan,26,88.9,47076781,13.96,37927409,40.463667,-3.74922
507,MissaSinfonia,17600000,2274007523,Comedy,MissaSinfonia,233,Mexico,MX,Comedy,4139,17,25,27445000,6900,109800,82300,1300000,100000,2011,Jan,5,40.2,126014024,3.42,102626859,23.634501,-102.552784
530,TheBrianMaps,17100000,4448334716,Comedy,TheBrianMaps,498,Russia,RU,Entertainment,1624,6,126,37164000,9300,148700,111500,1800000,100000,2012,Jun,4,81.9,144373535,4.59,107683889,61.52401,105.318756
563,FailArmy,16500000,3037260680,Comedy,FailArmy,438,United
584,T3ddy,16200000,2990185467,Comedy,T3ddy,1930,Brazil,BR,People,2898,31,38,33015000,8300,132100,99000,1600000,100000,2012,Jan,16,51.3,212559417,12.08,183241641,-14.235004,-51.92528
muhammad,542,Indonesia,ID,Comedy,1816,22,26,71870000,18000,287500,215600,3400000,100000,2017,Jan,18,36.3,270203917,4.69,151509724,-0.789275,113.921327
Beniwal,165,India,IN,Comedy,5724,100,27,27963000,7000,111900,83900,1300000,100000,2015,May,6,28.1,1366417754,5.36,471031528,20.593684,78.96288
MriDul,106,India,IN,Comedy,1593,102,28,98329000,24600,393300,295000,4700000,200000,2015,Mar,14,28.1,1366417754,5.36,471031528,20.593684,78.96288
673,Rubï¿½ï¿½ï¿½ï¿½ï¿½ï¿½,15100000,9477021288,Comedy,Rubï¿½ï¿½ï¿½ï¿½ï¿½ï¿½,921,Argentina,AR,Comedy,491,13,28,512343000,128100,2000000,1500000,24600000,700000,2016,Aug,2,90,44938712,9.79,41339571,-38.416097,-63.616672
ï¿½ï¿½ï¿½ï¿½,1788,Japan,JP,Comedy,277,5,29,282372000,70600,1100000,847100,13600000,900000,2014,Jul,23,63.2,126226568,2.29,115782416,36.204824,138.252924
721,CollegeHumor,14700000,7255848125,Comedy,CollegeHumor,4340,United
Singh,1064,Canada,CA,Comedy,2297,8,31,5329000,1300,21300,16000,255800,nan,2010,Oct,29,68.9,36991981,5.56,30628482,56.130366,-106.346771
758,Cyprien,14400000,3086254545,Comedy,Cyprien,222,France,FR,Comedy,2767,2,32,11417000,2900,45700,34300,548000,nan,2007,Feb,25,65.6,67059887,8.43,54123364,46.227638,2.213749
759,Rclbeauty101,14400000,3900312631,Comedy,Rclbeauty101,463,United
780,SEVENGERS,14200000,10238593147,Comedy,SEVENGERS,872,India,IN,Comedy,422,110,33,367898000,92000,1500000,1100000,17700000,400000,2018,Jun,4,28.1,1366417754,5.36,471031528,20.593684,78.96288
Jabardasth,9652,India,IN,Comedy,268,111,34,133584000,33400,534300,400800,6400000,100000,2015,Jul,14,28.1,1366417754,5.36,471031528,20.593684,78.96288
bhatt,1040,India,IN,Comedy,487,113,36,379240000,94800,1500000,1100000,18200000,600000,2021,Aug,15,28.1,1366417754,5.36,471031528,20.593684,78.96288
828,FAPTV,13700000,5457203710,Comedy,FAPTV,863,Vietnam,VN,Comedy,1205,3,36,35124000,8800,140500,105400,1700000,nan,2014,Feb,26,28.5,96462106,2.01,35332140,14.058324,108.277199
ï¿½ï¿½ï¿½ï¿½ï¿½ï¿½ï¿½ï¿½ï¿½ï¿,1727,Iraq,IQ,Comedy,1087,2,40,35336000,8800,141300,106000,1700000,nan,2016,Jan,30,16.2,39309783,12.82,27783368,33.223191,43.679291
Escamilla,2483,Mexico,MX,Comedy,1740,32,41,77482000,19400,309900,232400,3700000,100000,2007,Oct,19,40.2,126014024,3.42,102626859,23.634501,-102.552784
969,CKM,12500000,4465772496,Comedy,CKM,117,India,IN,Comedy,1621,123,42,13142000,3300,52600,39400,630800,nan,2018,Feb,20,28.1,1366417754,5.36,471031528,20.593684,78.96288
971,_vector_,12400000,7597013023,Comedy,_vector_,398,United
984,MoniLina,12400000,16086808918,Comedy,MoniLinaFamily,0,United
Of,62,India,IN,Comedy,4568,125,44,24000000,6000,96000,72000,1200000,100000,2017,Aug,1,28.1,1366417754,5.36,471031528,20.593684,78.96288
60,whinderssonnunes,44200000,4274709210,Comedy,whinderssonnunes,558,Brazil,BR,Comedy,1741,4,1,26683000,6700,106700,80100,1300000,nan,2013,Jan,21,51.3,212559417,12.08,183241641,-14.235004,-51.92528
74,Luisito Comunica,40600000,8670473639,Comedy,Luis Arturo Villar Sudek,0,Mexico,MX,Comedy,3612215,3021,nan,nan,0,0,0,0,nan,2010,Jun,18,40.2,126014024,3.42,102626859,23.634501,-102.552784
79,CarryMinati,39200000,3294013141,Comedy,CarryMinati,186,India,IN,Comedy,2487,21,2,78688000,19700,314800,236100,3800000,700000,2014,Oct,30,28.1,1366417754,5.36,471031528,20.593684,78.96288
95,Jkk Entertainment,37200000,16402066717,Comedy,Jkk Entertainment,220,India,IN,Comedy,178,24,3,49861000,12500,199400,149600,2400000,100000,2017,Mar,20,28.1,1366417754,5.36,471031528,20.593684,78.96288
127,KHANDESHI MOVIES,33500000,11405809704,Comedy,KHANDESHI MOVIES,217,India,IN,Comedy,357,35,4,24736000,6200,98900,74200,1200000,100000,2013,Nov,11,28.1,1366417754,5.36,471031528,20.593684,78.96288
153,The Tonight Show Starring Jimmy Fallon,31200000,17111726160,Comedy,The Tonight Show Starring Jimmy Fallon,8976,United States,US,Comedy,166,44,6,22511000,0,0,0,0,100000,2006,Jan,8,88.2,328239523,14.7,270663028,37.09024,-95.712891
157,Round2hell,30700000,3145161634,Comedy,Round2hell,67,India,IN,Entertainment,2687,41,45,31822000,8000,127300,95500,1500000,300000,2016,Oct,20,28.1,1366417754,5.36,471031528,20.593684,78.96288
165,Talking Tom,30200000,15199330166,Comedy,TalkingTom,2,United States,US,Entertainment,4057345,7736,6776,nan,0,0,0,0,nan,2008,Jun,27,88.2,328239523,14.7,270663028,37.09024,-95.712891
172,ashish chanchlani vines,29800000,4457913639,Comedy,ashish chanchlani vines,151,India,IN,Comedy,1622,42,8,26171000,6500,104700,78500,1300000,100000,2009,Jul,6,28.1,1366417754,5.36,471031528,20.593684,78.96288
177,Enaldinho,29200000,11627437847,Comedy,Enaldinho,3654,Brazil,BR,Games,338,10,15,303100000,75800,1200000,909300,14500000,1000000,2012,Nov,7,51.3,212559417,12.08,183241641,-14.235004,-51.92528
178,AuronPlay,29200000,4079141673,Comedy,AuronPlay,404,Spain,ES,Comedy,1852,3,9,12143000,3000,48600,36400,582900,nan,2006,Feb,28,88.9,47076781,13.96,37927409,40.463667,-3.74922
179,Shorts Break,29000000,19466238065,Comedy,shorts break,42,nan,nan,nan,3997024,nan,nan,60805,15,243,182,2900,151,2021,Jan,28,nan,nan,nan,nan,nan,nan
204,Brent Rivera,27000000,6570935979,Comedy,Brent Rivera,554,United States,US,Entertainment,909,60,53,144453000,36100,577800,433400,6900000,300000,2009,Aug,1,88.2,328239523,14.7,270663028,37.09024,-95.712891
207,enchufetv,26700000,10317306313,Comedy,enchufetv,975,Colombia,CO,Comedy,420,5,11,24363000,6100,97500,73100,1200000,nan,2011,Nov,13,55.3,50339443,9.71,40827302,4.570868,-74.297333
212,Alan Chikin Chow,26400000,27006526665,Comedy,Alan Chikin Chow,865,United States,US,Comedy,61,63,12,1046000000,261500,4200000,3100000,50200000,1300000,2020,Feb,3,88.2,328239523,14.7,270663028,37.09024,-95.712891
217,Smosh,26100000,10435474336,Comedy,Smosh,1619,United States,US,Comedy,410,65,13,68156000,17000,272600,204500,3300000,400000,2005,Nov,19,88.2,328239523,14.7,270663028,37.09024,-95.712891
232,LankyBox,25400000,34300482066,Comedy,LankyBox,8775,United States,US,Games,29,69,18,815341000,203800,3300000,2400000,39100000,600000,2016,Jul,30,88.2,328239523,14.7,270663028,37.09024,-95.712891
258,Alejo Igoa,24100000,10999000479,Comedy,Alejo Igoa,802,Argentina,AR,Entertainment,376,4,71,401512000,100400,1600000,1200000,19300000,600000,2014,Jan,17,90,44938712,9.79,41339571,-38.416097,-63.616672
259,Daniel LaBelle,24100000,12916159065,Comedy,Daniel LaBelle,287,nan,nan,Comedy,290,nan,14,398765000,99700,1600000,1200000,19100000,700000,2009,Mar,11,nan,nan,nan,nan,nan,nan
264,Spider Slack,24000000,13943030228,Comedy,Spider Slack,901,Brazil,BR,Comedy,252,13,14,761451000,190400,3000000,2300000,36500000,1100000,2020,May,18,51.3,212559417,12.08,183241641,-14.235004,-51.92528
307,Heroindori,22600000,9223534599,Comedy,Heroindori,495,India,IN,Entertainment,508,62,81,399152000,99800,1600000,1200000,19200000,1400000,2020,Jun,29,28.1,1366417754,5.36,471031528,20.593684,78.96288
324,Topper Guild,21900000,15552070846,Comedy,Topper Guild,816,United States,US,Comedy,204,91,16,687028000,171800,2700000,2100000,33000000,1900000,2014,Jul,9,88.2,328239523,14.7,270663028,37.09024,-95.712891
341,YOLO,21400000,1573058816,Comedy,YOLO,0,Germany,DE,nan,4057944,3810,nan,nan,0,0,0,0,5,2013,Jun,11,70.2,83132799,3.04,64324835,51.165691,10.451526
363,Canal Canalha,20800000,1870608170,Comedy,Canal Canalha,288,Brazil,BR,Comedy,5407,18,18,23897000,6000,95600,71700,1100000,nan,2011,Apr,8,51.3,212559417,12.08,183241641,-14.235004,-51.92528
371,Bizarrap,20600000,7657171980,Comedy,Bizarrap,83,Argentina,AR,Entertainment,711,8,98,193176000,48300,772700,579500,9300000,200000,2017,Jan,15,90,44938712,9.79,41339571,-38.416097,-63.616672
386,Noor Stars,20200000,2764127969,Comedy,Noor Stars,693,United Arab Emirates,AE,Entertainment,3238,5,102,15556000,3900,62200,46700,746700,100000,2014,Apr,24,36.8,9770529,2.35,8479744,23.424076,53.847818
389,dednahype,20200000,20919403720,Comedy,dednahype,1935,Latvia,LV,Comedy,108,1,19,1245000000,311200,5000000,3700000,59800000,1200000,2020,Mar,20,88.1,1912789,6.52,1304943,56.879635,24.603189
390,Marta and Rustam,20200000,19694265358,Comedy,Marta and Rustam,761,United States,US,Comedy,126,106,20,452250000,113100,1800000,1400000,21700000,600000,2021,Jun,21,88.2,328239523,14.7,270663028,37.09024,-95.712891
410,JennaMarbles,19700000,1803249241,Comedy,JennaMarbles,250,United States,US,Comedy,5665,112,21,3769000,942,15100,11300,180900,nan,2010,Feb,16,88.2,328239523,14.7,270663028,37.09024,-95.712891
431,TheOdd1sOut,19100000,4566120190,Comedy,TheOdd1sOut,139,United States,US,Comedy,1568,115,23,30986000,7700,123900,93000,1500000,nan,2014,Aug,30,88.2,328239523,14.7,270663028,37.09024,-95.712891
449,Triggered Insaan,18800000,3276891538,Comedy,Triggered Insaan,304,India,IN,People,2508,79,24,109026000,27300,436100,327100,5200000,700000,2014,Jul,17,28.1,1366417754,5.36,471031528,20.593684,78.96288
462,TheWillyrex,18400000,7038827526,Comedy,TheWillyrex,6943,Spain,ES,Games,825,7,33,11004000,2800,44000,33000,528200,nan,2011,Jan,26,88.9,47076781,13.96,37927409,40.463667,-3.74922
488,Lele Pons,17900000,5244917119,Comedy,Lele Pons,185,United States,US,Entertainment,1264,125,121,18548000,4600,74200,55600,890300,nan,2015,Sep,19,88.2,328239523,14.7,270663028,37.09024,-95.712891
507,MissaSinfonia,17600000,2274007523,Comedy,MissaSinfonia,233,Mexico,MX,Comedy,4139,17,25,27445000,6900,109800,82300,1300000,100000,2011,Jan,5,40.2,126014024,3.42,102626859,23.634501,-102.552784
530,TheBrianMaps,17100000,4448334716,Comedy,TheBrianMaps,498,Russia,RU,Entertainment,1624,6,126,37164000,9300,148700,111500,1800000,100000,2012,Jun,4,81.9,144373535,4.59,107683889,61.52401,105.318756
532,Liza Koshy,17100000,2173106162,Comedy,Liza Koshy,142,United States,US,Entertainment,4443,132,127,1761000,440,7000,5300,84500,nan,2013,Sep,2,88.2,328239523,14.7,270663028,37.09024,-95.712891
534,Prajapati News,17000000,1001465469,Comedy,Prajapati News,1407,India,IN,Entertainment,11662,89,128,7626000,1900,30500,22900,366100,100000,2013,Mar,14,28.1,1366417754,5.36,471031528,20.593684,78.96288
541,Aayu and Pihu Show,16900000,9270331567,Comedy,Aayu and Pihu Show,441,India,IN,People,510,90,34,89782000,22400,359100,269300,4300000,nan,2017,May,8,28.1,1366417754,5.36,471031528,20.593684,78.96288
563,FailArmy,16500000,3037260680,Comedy,FailArmy,438,United States,US,Entertainment,2766,137,133,112986000,28200,451900,339000,5400000,100000,2011,Jul,5,88.2,328239523,14.7,270663028,37.09024,-95.712891
567,Kaykai Salaider,16400000,4434679706,Comedy,Kaykai Salaider,428,Thailand,TH,Entertainment,1636,9,134,9341000,2300,37400,28000,448400,nan,2011,Jan,24,49.3,69625582,0.75,35294600,15.870032,100.992541
584,T3ddy,16200000,2990185467,Comedy,T3ddy,1930,Brazil,BR,People,2898,31,38,33015000,8300,132100,99000,1600000,100000,2012,Jan,16,51.3,212559417,12.08,183241641,-14.235004,-51.92528
639,Harsh Beniwal,15400000,1781226000,Comedy,Harsh Beniwal,165,India,IN,Comedy,5724,100,27,27963000,7000,111900,83900,1300000,100000,2015,May,6,28.1,1366417754,5.36,471031528,20.593684,78.96288
653,The MriDul,15200000,4503880875,Comedy,The MriDul,106,India,IN,Comedy,1593,102,28,98329000,24600,393300,295000,4700000,200000,2015,Mar,14,28.1,1366417754,5.36,471031528,20.593684,78.96288
673,Rubï¿½ï¿½ï¿½ï¿½ï¿½ï¿½,15100000,9477021288,Comedy,Rubï¿½ï¿½ï¿½ï¿½ï¿½ï¿½,921,Argentina,AR,Comedy,491,13,28,512343000,128100,2000000,1500000,24600000,700000,2016,Aug,2,90,44938712,9.79,41339571,-38.416097,-63.616672
691,ISSEI / ï¿½ï¿½ï¿½ï¿½,15000000,13562853889,Comedy,ISSEI / ï¿½ï¿½ï¿½ï¿½,1788,Japan,JP,Comedy,277,5,29,282372000,70600,1100000,847100,13600000,900000,2014,Jul,23,63.2,126226568,2.29,115782416,36.204824,138.252924
720,Chad Wild Clay,14700000,6751985988,Comedy,Chad Wild Clay,698,United States,US,Entertainment,885,154,149,36338000,9100,145400,109000,1700000,100000,2006,Mar,26,88.2,328239523,14.7,270663028,37.09024,-95.712891
721,CollegeHumor,14700000,7255848125,Comedy,CollegeHumor,4340,United States,US,Comedy,798,154,30,55583000,0,0,0,0,nan,2006,Oct,9,88.2,328239523,14.7,270663028,37.09024,-95.712891
735,Noman Official,14600000,5525773746,Comedy,Noman Official,560,India,IN,Film,1185,106,38,139116000,34800,556500,417300,6700000,500000,2019,Oct,28,28.1,1366417754,5.36,471031528,20.593684,78.96288
752,Lilly Singh,14500000,3517662420,Comedy,Lilly Singh,1064,Canada,CA,Comedy,2297,8,31,5329000,1300,21300,16000,255800,nan,2010,Oct,29,68.9,36991981,5.56,30628482,56.130366,-106.346771
758,Cyprien,14400000,3086254545,Comedy,Cyprien,222,France,FR,Comedy,2767,2,32,11417000,2900,45700,34300,548000,nan,2007,Feb,25,65.6,67059887,8.43,54123364,46.227638,2.213749
759,Rclbeauty101,14400000,3900312631,Comedy,Rclbeauty101,463,United States,US,Entertainment,1986,157,152,8636000,2200,34500,25900,414500,nan,2010,Dec,14,88.2,328239523,14.7,270663028,37.09024,-95.712891
770,Rebecca Zamolo,14300000,6388439235,Comedy,RebeccaZamolo,1,United States,US,Entertainment,4054606,6342,5464,nan,0,0,0,0,nan,2011,Aug,4,88.2,328239523,14.7,270663028,37.09024,-95.712891
780,SEVENGERS,14200000,10238593147,Comedy,SEVENGERS,872,India,IN,Comedy,422,110,33,367898000,92000,1500000,1100000,17700000,400000,2018,Jun,4,28.1,1366417754,5.36,471031528,20.593684,78.96288
822,O Que Nï¿½ï¿½ï¿½ï¿½ï¿½ï¿,13700000,1967930734,Comedy,O Que Nï¿½ï¿½ï¿½ï¿½ï¿½ï¿,696,Brazil,BR,Entertainment,5035,47,159,87804000,22000,351200,263400,4200000,200000,2015,Feb,6,51.3,212559417,12.08,183241641,-14.235004,-51.92528
825,The Vishal bhatt,13700000,9596430464,Comedy,The Vishal bhatt,1040,India,IN,Comedy,487,113,36,379240000,94800,1500000,1100000,18200000,600000,2021,Aug,15,28.1,1366417754,5.36,471031528,20.593684,78.96288
828,FAPTV,13700000,5457203710,Comedy,FAPTV,863,Vietnam,VN,Comedy,1205,3,36,35124000,8800,140500,105400,1700000,nan,2014,Feb,26,28.5,96462106,2.01,35332140,14.058324,108.277199
846,Woody & Kleiny,13500000,11717217293,Comedy,Woody & Kleiny,975,United Kingdom,GB,Entertainment,333,29,160,495561000,123900,2000000,1500000,23800000,400000,2013,Mar,30,60,66834405,3.85,55908316,55.378051,-3.435973
856,My Mate Nate,13400000,3363634923,Comedy,My Mate Nate,1195,Thailand,TH,Entertainment,2436,15,162,41672000,10400,166700,125000,2000000,nan,2014,Dec,8,49.3,69625582,0.75,35294600,15.870032,100.992541
871,Just For Laughs Gags,13300000,7406628736,Comedy,Just For Laughs Gags,6916,United States,US,Comedy,764,167,38,17468000,4400,69900,52400,838500,100000,2007,Jan,14,88.2,328239523,14.7,270663028,37.09024,-95.712891
902,Everson Zoio,13000000,1024467771,Comedy,Everson Zoio,625,Brazil,BR,Entertainment,11340,51,166,3052000,763,12200,9200,146500,nan,2009,Mar,26,51.3,212559417,12.08,183241641,-14.235004,-51.92528
911,The LaBrant Fam,13000000,4637474071,Comedy,The LaBrant Fam,612,United States,US,People,1557,170,57,42412000,0,0,0,0,nan,2012,Aug,24,88.2,328239523,14.7,270663028,37.09024,-95.712891
924,Melon City Show - ï¿½ï¿½ï¿½ï¿½ï¿½ï¿½ï¿½ï¿½ï¿½ï¿½ï¿,12800000,5863456698,Comedy,Melon City Show - ï¿½ï¿½ï¿½ï¿½ï¿½ï¿½ï¿½ï¿½ï¿½ï¿,1727,Iraq,IQ,Comedy,1087,2,40,35336000,8800,141300,106000,1700000,nan,2016,Jan,30,16.2,39309783,12.82,27783368,33.223191,43.679291
928,Adam W,12800000,9502983550,Comedy,Adam W,681,United States,US,Comedy,492,171,39,228951000,57200,915800,686900,11000000,200000,2015,Oct,4,88.2,328239523,14.7,270663028,37.09024,-95.712891
933,Franco Escamilla,12700000,4266957149,Comedy,Franco Escamilla,2483,Mexico,MX,Comedy,1740,32,41,77482000,19400,309900,232400,3700000,100000,2007,Oct,19,40.2,126014024,3.42,102626859,23.634501,-102.552784
969,CKM,12500000,4465772496,Comedy,CKM,117,India,IN,Comedy,1621,123,42,13142000,3300,52600,39400,630800,nan,2018,Feb,20,28.1,1366417754,5.36,471031528,20.593684,78.96288
971,_vector_,12400000,7597013023,Comedy,_vector_,398,United States,US,Comedy,720,176,43,903672000,225900,3600000,2700000,43400000,1200000,2019,Mar,24,88.2,328239523,14.7,270663028,37.09024,-95.712891
976,Gustavo Parï¿½ï¿½,12400000,2602614088,Comedy,GustavoParodias,9,Brazil,BR,Comedy,4050768,5075,4894,nan,0,0,0,0,nan,2010,Aug,24,51.3,212559417,12.08,183241641,-14.235004,-51.92528
984,MoniLina,12400000,16086808918,Comedy,MoniLinaFamily,0,United States,US,People,4057944,2774,2499,nan,0,0,0,0,100,2016,May,10,88.2,328239523,14.7,270663028,37.09024,-95.712891
995,Make Joke Of,12300000,2129773714,Comedy,Make Joke Of,62,India,IN,Comedy,4568,125,44,24000000,6000,96000,72000,1200000,100000,2017,Aug,1,28.1,1366417754,5.36,471031528,20.593684,78.96288
