3,MrBeast,166000000,28368841870,Entertainment,MrBeast,741,United
India,116536,India,IN,Entertainment,3,2,2,1824000000,455900,7300000,5500000,87500000,1000000,2006,Sep,20,28.1,1366417754,5.36,471031528,20.593684,78.96288
SAB,71270,India,IN,Entertainment,4,5,7,1657000000,414300,6600000,5000000,79600000,1100000,2007,Aug,4,28.1,1366417754,5.36,471031528,20.593684,78.96288
TV,129204,India,IN,Entertainment,9,6,8,1707000000,426800,6800000,5100000,81900000,900000,2005,Dec,11,28.1,1366417754,5.36,471031528,20.593684,78.96288
TV,112915,India,IN,Entertainment,10,9,9,1188000000,296900,4800000,3600000,57000000,1100000,2008,Jun,13,28.1,1366417754,5.36,471031528,20.593684,78.96288
37,Marshmello,56400000,14696003229,Entertainment,Marshmello,436,United
48,Shemaroo,47400000,22519705183,Entertainment,Shemaroo,11451,India,IN,Entertainment,97,17,10,232744000,58200,931000,698200,11200000,500000,2007,Sep,1,28.1,1366417754,5.36,471031528,20.593684,78.96288
49,Badabun,46800000,19398045702,Entertainment,badabun,1,nan,nan,Music,4047729,nan,5525,440,0.11,2,1,21,75,2007,Jul,21,nan,nan,nan,nan,nan,nan
Kids,4660,India,IN,Entertainment,105,18,13,233988000,58500,936000,702000,11200000,400000,2016,Nov,23,28.1,1366417754,5.36,471031528,20.593684,78.96288
Neto,4331,Brazil,BR,Entertainment,174,2,14,130359000,32600,521400,391100,6300000,200000,2006,May,16,51.3,212559417,12.08,183241641,-14.235004,-51.92528
56,Vocï¿½ï¿½ï¿½,44700000,7828610828,Entertainment,Vocï¿½ï¿½ï¿½,1558,Brazil,BR,Entertainment,681,3,15,48032000,12000,192100,144100,2300000,100000,2013,Sep,1,51.3,212559417,12.08,183241641,-14.235004,-51.92528
GEO,100755,Pakistan,PK,Entertainment,20,1,15,1337000000,334300,5300000,4000000,64200000,1300000,2008,Jan,2,9,216565318,4.45,79927762,30.375321,69.345116
Entertainment,193890,Philippines,PH,Entertainment,16,1,16,176629000,44200,706500,529900,8500000,300000,2008,Jul,16,35.5,108116615,2.15,50975903,12.879721,121.774017
63,HolaSoyGerman.,43600000,4831311245,Entertainment,holasoygerman.
HD,109871,Pakistan,PK,Entertainment,24,2,18,1149000000,287300,4600000,3400000,55200000,900000,2016,Jul,11,9,216565318,4.45,79927762,30.375321,69.345116
70,Rihanna,41900000,22477745835,Entertainment,Rihanna,84,Barbados,BB,Music,98,1,27,182926000,45700,731700,548800,8800000,100000,2005,Nov,6,65.4,287025,10.33,89431,13.193887,-59.543198
83,WorkpointOfficial,39000000,36131228583,Entertainment,WorkpointOfficial,72580,Thailand,TH,Entertainment,27,1,24,130461000,32600,521800,391400,6300000,200000,2012,Nov,5,49.3,69625582,0.75,35294600,15.870032,100.992541
89,TheEllenShow,38200000,22756581750,Entertainment,TheEllenShow,15672,United
PAL,24089,India,IN,Entertainment,49,23,25,415914000,104000,1700000,1200000,20000000,500000,2014,May,9,28.1,1366417754,5.36,471031528,20.593684,78.96288
one31,117152,Thailand,TH,Entertainment,56,2,29,140754000,35200,563000,422300,6800000,300000,2013,Jan,10,49.3,69625582,0.75,35294600,15.870032,100.992541
JP,744,Brazil,BR,Entertainment,75,7,30,251449000,62900,1000000,754300,12100000,300000,2015,Sep,6,51.3,212559417,12.08,183241641,-14.235004,-51.92528
Bollywood,9168,India,IN,Entertainment,205,26,31,131462000,0,0,0,0,200000,2009,Oct,21,28.1,1366417754,5.36,471031528,20.593684,78.96288
Limit,2284,Indonesia,ID,Entertainment,1882,1,33,547141000,136800,2200000,1600000,26300000,5500000,2017,Sep,7,36.3,270203917,4.69,151509724,-0.789275,113.921327
126,Ch3Thailand,33500000,29611914495,Entertainment,Ch3Thailand,96214,Thailand,TH,Entertainment,41,3,37,61307000,0,0,0,0,100000,2014,May,29,49.3,69625582,0.75,35294600,15.870032,100.992541
Official,2736,Indonesia,ID,Entertainment,1043,2,34,157101000,39300,628400,471300,7500000,1900000,2016,Jan,15,36.3,270203917,4.69,151509724,-0.789275,113.921327
140,StarPlus,32000000,26800674545,Entertainment,StarPlus,44892,India,IN,Entertainment,60,38,40,1667000000,416800,6700000,5000000,80000000,1200000,2006,May,19,28.1,1366417754,5.36,471031528,20.593684,78.96288
Network,93311,Philippines,PH,Entertainment,129,2,41,798510000,199600,3200000,2400000,38300000,500000,2006,Nov,20,35.5,108116615,2.15,50975903,12.879721,121.774017
154,TheDonato,31200000,6187804950,Entertainment,TheDonato,3027,Argentina,AR,Games,997,3,12,190679000,47700,762700,572000,9200000,1900000,2015,Feb,17,90,44938712,9.79,41339571,-38.416097,-63.616672
160,AH,30400000,4332274962,Entertainment,AH,2197,Indonesia,ID,Entertainment,1701,4,46,21440000,5400,85800,64300,1000000,nan,2014,Jan,26,36.3,270203917,4.69,151509724,-0.789275,113.921327
176,Zhong,29200000,14727238483,Entertainment,Zhong,1513,United
TV,106983,Pakistan,PK,Entertainment,80,3,49,684860000,171200,2700000,2100000,32900000,700000,2011,May,25,9,216565318,4.45,79927762,30.375321,69.345116
201,ToyPuddingTV,27100000,15916882228,Entertainment,ToyPudding
kukreja,889,India,IN,Entertainment,159,49,52,429692000,107400,1700000,1300000,20600000,700000,2015,Sep,26,28.1,1366417754,5.36,471031528,20.593684,78.96288
YT,3956,Brazil,BR,Entertainment,664,11,54,82912000,20700,331600,248700,4000000,200000,2011,Sep,29,51.3,212559417,12.08,183241641,-14.235004,-51.92528
208,Netflix,26700000,7173668905,Entertainment,Netflix,6471,United
BOI,967,Italy,IT,Entertainment,158,1,55,1225000000,306400,4900000,3700000,58800000,2000000,2020,Dec,5,61.9,60297396,9.89,42651966,41.87194,12.56738
Vines,190,India,IN,Entertainment,1462,51,57,17264000,4300,69100,51800,828600,nan,2015,Jun,20,28.1,1366417754,5.36,471031528,20.593684,78.96288
216,Junya.ï¿½ï¿½ï¿½ï¿½,26200000,16097531087,Entertainment,Junya.ï¿½ï¿½ï¿½ï¿½,5985,Japan,JP,Entertainment,184,2,56,721848000,180500,2900000,2200000,34600000,1100000,2020,Sep,14,63.2,126226568,2.29,115782416,36.204824,138.252924
Entertainment,3716,Indonesia,ID,Entertainment,942,6,62,58487000,14600,233900,175500,2800000,100000,2015,Dec,27,36.3,270203917,4.69,151509724,-0.789275,113.921327
OFFICIAL,89179,Indonesia,ID,Entertainment,251,7,64,123189000,30800,492800,369600,5900000,100000,2014,Sep,4,36.3,270203917,4.69,151509724,-0.789275,113.921327
Espaï¿½ï,67,Mexico,MX,Entertainment,3309,10,70,33590000,8400,134400,100800,1600000,100000,2021,Jul,9,40.2,126014024,3.42,102626859,23.634501,-102.552784
Igoa,802,Argentina,AR,Entertainment,376,4,71,401512000,100400,1600000,1200000,19300000,600000,2014,Jan,17,90,44938712,9.79,41339571,-38.416097,-63.616672
263,KSI,24100000,6002166932,Entertainment,KSI,1252,United
Entertainment,70,nan,nan,Entertainment,367929,nan,2500,31633,8,127,95,1500,nan,2016,May,17,nan,nan,nan,nan,nan,nan
ofc,1291,Brazil,BR,Entertainment,667,14,77,28285000,7100,113100,84900,1400000,nan,2014,Apr,14,51.3,212559417,12.08,183241641,-14.235004,-51.92528
Nagwadiya,595,nan,nan,Entertainment,660,nan,79,321179000,80300,1300000,963500,15400000,900000,2017,Oct,25,nan,nan,nan,nan,nan,nan
297,DrossRotzank,23000000,6041264489,Entertainment,DrossRotzank,1598,Argentina,AR,Entertainment,1040,5,80,35539000,8900,142200,106600,1700000,100000,2006,Mar,9,90,44938712,9.79,41339571,-38.416097,-63.616672
Rithvik,1841,nan,nan,Entertainment,143,nan,79,2033000000,508100,8100000,6100000,97600000,3200000,2020,Jul,21,nan,nan,nan,nan,nan,nan
PRT,654,nan,nan,Entertainment,344,nan,82,96613000,24200,386500,289800,4600000,100000,2019,Apr,9,nan,nan,nan,nan,nan,nan
TV,60964,India,IN,Entertainment,109,63,82,982238000,245600,3900000,2900000,47100000,600000,2016,Feb,26,28.1,1366417754,5.36,471031528,20.593684,78.96288
/ï¿½ï¿½ï¿½,6274,Japan,JP,Entertainment,144,3,88,711254000,177800,2800000,2100000,34100000,800000,2021,Feb,13,63.2,126226568,2.29,115782416,36.204824,138.252924
CAROL,2942,Brazil,BR,Entertainment,481,15,90,193174000,48300,772700,579500,9300000,300000,2013,Mar,2,51.3,212559417,12.08,183241641,-14.235004,-51.92528
346,Infinite,21300000,5141834668,Entertainment,Infinite,1608,United
347,Azhan5star,21300000,10047736580,Entertainment,Azhan5star,669,India,IN,Entertainment,436,67,92,236293000,59100,945200,708900,11300000,600000,2021,Feb,2,28.1,1366417754,5.36,471031528,20.593684,78.96288
Channel,20225,India,IN,Entertainment,291,67,92,561020000,140300,2200000,1700000,26900000,700000,2017,Aug,2,28.1,1366417754,5.36,471031528,20.593684,78.96288
Paula,2325,Indonesia,ID,Entertainment,1583,8,94,26974000,6700,107900,80900,1300000,100000,2016,Jun,4,36.3,270203917,4.69,151509724,-0.789275,113.921327
353,nigahiga,21000000,4380564906,Entertainment,nigahiga,403,United
Luiz,2883,Brazil,BR,Entertainment,695,16,94,118410000,29600,473600,355200,5700000,400000,2015,Aug,26,51.3,212559417,12.08,183241641,-14.235004,-51.92528
Desconhecidos,6262,Brazil,BR,Entertainment,2033,17,96,52330000,13100,209300,157000,2500000,100000,2013,Sep,26,51.3,212559417,12.08,183241641,-14.235004,-51.92528
365,Yoeslan,20700000,17963202261,Entertainment,Yoeslan,619,United
King,6,nan,nan,Entertainment,3997461,nan,4664,125,0.03,0.5,0.38,6,10,2013,Jun,5,nan,nan,nan,nan,nan,nan
Television,51515,India,IN,Entertainment,43,70,100,907534000,226900,3600000,2700000,43600000,400000,2007,Feb,1,28.1,1366417754,5.36,471031528,20.593684,78.96288
380,SlivkiShow,20400000,4707412332,Entertainment,SlivkiShow,462,Ukraine,UA,Entertainment,1489,1,100,28990000,7200,116000,87000,1400000,nan,2012,Dec,11,82.7,44385155,8.88,30835699,48.379433,31.16558
Rodriguez,460,Colombia,CO,Entertainment,2959,7,103,263864000,66000,1100000,791600,12700000,1600000,2009,Jul,20,55.3,50339443,9.71,40827302,4.570868,-74.297333
392,CookieSwirlC,20100000,23353115850,Entertainment,CookieSwirlC,3774,United
401,REACT,20000000,13154314376,Entertainment,REACT,4339,United
Channel,1476,India,IN,Entertainment,473,72,104,70278000,0,0,0,0,100000,2011,Jul,1,28.1,1366417754,5.36,471031528,20.593684,78.96288
414,SCTV,19700000,9808676159,Entertainment,SCTV,267,United
Urdu,1306,Turkey,TR,Entertainment,562,3,107,110806000,27700,443200,332400,5300000,100000,2020,Apr,17,23.9,83429615,13.49,63097818,38.963745,35.243322
Studios,847,India,IN,Entertainment,1265,74,108,59841000,0,0,0,0,300000,2014,Mar,14,28.1,1366417754,5.36,471031528,20.593684,78.96288
423,etvteluguindia,19400000,23038014291,Entertainment,etvteluguindia,125974,India,IN,Entertainment,88,75,109,272917000,68200,1100000,818800,13100000,200000,2010,Mar,15,28.1,1366417754,5.36,471031528,20.593684,78.96288
429,Sonotek,19200000,7590582024,Entertainment,Sonotek,8285,India,IN,Music,724,77,98,28678000,7200,114700,86000,1400000,100000,2011,Jan,11,28.1,1366417754,5.36,471031528,20.593684,78.96288
Action,1525,India,IN,Entertainment,618,78,111,105706000,26400,422800,317100,5100000,200000,2017,Nov,8,28.1,1366417754,5.36,471031528,20.593684,78.96288
444,Sidemen,18800000,5257834105,Entertainment,Sidemen,312,United
448,ıııııııııııııııııııııı,18800000,9594188708,Entertainment,ıııııııııııııııııııııı,530,Ukraine,UA,Entertainment,483,2,113,68006000,17000,272000,204000,3300000,100000,2014,Oct,20,82.7,44385155,8.88,30835699,48.379433,31.16558
450,CKN,18700000,12295637162,Entertainment,cKn,16,Spain,ES,Music,3188353,4093,5631,102,0.03,0.41,0.31,5,1,2005,Sep,26,88.9,47076781,13.96,37927409,40.463667,-3.74922
(N.A.Y),786,Indonesia,ID,Entertainment,6502,14,117,17063000,4300,68300,51200,819000,nan,2017,Jul,8,36.3,270203917,4.69,151509724,-0.789275,113.921327
HALILINTAR,1037,Indonesia,ID,Entertainment,2498,15,119,27312000,6800,109200,81900,1300000,nan,2015,Mar,4,36.3,270203917,4.69,151509724,-0.789275,113.921327
487,RobleisIUTU,17900000,5168721499,Entertainment,RobleisIUTU,1344,Argentina,AR,Games,1294,9,35,27545000,6900,110200,82600,1300000,100000,2013,Apr,15,90,44938712,9.79,41339571,-38.416097,-63.616672
VNM,602,Vietnam,VN,Entertainment,455,1,121,84467000,21100,337900,253400,4100000,100000,2019,Nov,22,28.5,96462106,2.01,35332140,14.058324,108.277199
kun,739,Indonesia,ID,Entertainment,2169,17,122,48174000,12000,192700,144500,2300000,100000,2016,Oct,27,36.3,270203917,4.69,151509724,-0.789275,113.921327
Fundos,2240,Brazil,BR,Entertainment,705,27,123,35337000,8800,141300,106000,1700000,nan,2012,Mar,12,51.3,212559417,12.08,183241641,-14.235004,-51.92528
Production,1716,Malaysia,MY,Entertainment,531,1,123,117727000,29400,470900,353200,5700000,200000,2009,Nov,9,45.1,32447385,3.32,24475766,4.210484,101.975766
512,FactTechz,17500000,2238134438,Entertainment,FactTechz,709,India,IN,Entertainment,4243,86,124,21056000,5300,84200,63200,1000000,nan,2016,Jul,24,28.1,1366417754,5.36,471031528,20.593684,78.96288
Rhymes,149,India,IN,Entertainment,723,86,124,109847000,27500,439400,329500,5300000,300000,2017,Sep,27,28.1,1366417754,5.36,471031528,20.593684,78.96288
Facts,287,India,IN,Entertainment,13315,87,125,837850,209,3400,2500,40200,nan,2016,Sep,5,28.1,1366417754,5.36,471031528,20.593684,78.96288
Chashmah,4778,India,IN,Entertainment,356,87,125,331944000,83000,1300000,995800,15900000,300000,2014,Aug,4,28.1,1366417754,5.36,471031528,20.593684,78.96288
Official,148225,Indonesia,ID,Entertainment,472,18,127,45811000,11500,183200,137400,2200000,100000,2014,Sep,2,36.3,270203917,4.69,151509724,-0.789275,113.921327
News,1407,India,IN,Entertainment,11662,89,128,7626000,1900,30500,22900,366100,100000,2013,Mar,14,28.1,1366417754,5.36,471031528,20.593684,78.96288
539,EeOneGuy,16900000,3827906874,Entertainment,EeOneGuy,366,United
540,VICE,16900000,4609753237,Entertainment,VICE,3900,United
544,DeToxoMoroxo,16800000,2315962318,Entertainment,de
IDN,502,Indonesia,ID,Entertainment,795,19,130,42836000,10700,171300,128500,2100000,100000,2019,Nov,22,36.3,270203917,4.69,151509724,-0.789275,113.921327
GALï¿½ï¿,1491,Brazil,BR,Entertainment,2129,30,130,44121000,11000,176500,132400,2100000,100000,2013,Apr,2,51.3,212559417,12.08,183241641,-14.235004,-51.92528
555,Werever2morro,16600000,2798273962,Entertainment,werever2morro,0,Mexico,MX,Games,4057944,4248,7462,nan,0,0,0,0,nan,2010,Dec,7,40.2,126014024,3.42,102626859,23.634501,-102.552784
558,SriBalajiMovies,16600000,9439857193,Entertainment,SriBalajiMovies,20102,India,IN,Entertainment,497,91,132,154049000,38500,616200,462100,7400000,200000,2011,Sep,29,28.1,1366417754,5.36,471031528,20.593684,78.96288
Zarou,2200,Germany,DE,Entertainment,213,4,131,617257000,154300,2500000,1900000,29600000,900000,2021,May,6,70.2,83132799,3.04,64324835,51.165691,10.451526
Salaider,428,Thailand,TH,Entertainment,1636,9,134,9341000,2300,37400,28000,448400,nan,2011,Jan,24,49.3,69625582,0.75,35294600,15.870032,100.992541
569,Ch7HD,16400000,9463244435,Entertainment,Ch7HD,56203,Thailand,TH,Entertainment,496,9,134,87757000,21900,351000,263300,4200000,100000,2010,May,17,49.3,69625582,0.75,35294600,15.870032,100.992541
Larin,1,nan,nan,Entertainment,4057780,nan,6788,1,0,0,0,0.05,nan,2015,Nov,23,nan,nan,nan,nan,nan,nan
OFFICIALï¿½ï¿½,23952,Thailand,TH,Entertainment,294,9,134,181382000,45300,725500,544100,8700000,200000,2010,Sep,13,49.3,69625582,0.75,35294600,15.870032,100.992541
588,LEGO,16200000,20522339099,Entertainment,LEGO,31889,Singapore,SG,Entertainment,116,1,136,117209000,29300,468800,351600,5600000,200000,2005,Oct,22,84.8,5703569,4.11,5703569,1.352083,103.819836
590,AdMe,16200000,4488680903,Entertainment,Aday
IN,723,Brazil,BR,Entertainment,3338,32,137,13802000,3500,55200,41400,662500,nan,2017,Jul,21,51.3,212559417,12.08,183241641,-14.235004,-51.92528
Academy,41,France,FR,Entertainment,4006012,3726,6335,780,0.2,3,2,37,4,2006,Nov,20,65.6,67059887,8.43,54123364,46.227638,2.213749
Video,16874,India,IN,Entertainment,463,97,139,51315000,12800,205300,153900,2500000,nan,2012,Mar,23,28.1,1366417754,5.36,471031528,20.593684,78.96288
YT,483,Mexico,MX,Entertainment,7440,24,140,62551000,0,0,0,0,nan,2010,Sep,22,40.2,126014024,3.42,102626859,23.634501,-102.552784
Baltar,2019,Brazil,BR,Entertainment,2002,34,140,56218000,14100,224900,168700,2700000,100000,2010,May,9,51.3,212559417,12.08,183241641,-14.235004,-51.92528
Adlakha,1525,India,IN,Entertainment,300,99,141,139123000,34800,556500,417400,6700000,200000,2017,Apr,9,28.1,1366417754,5.36,471031528,20.593684,78.96288
Manorama,87864,India,IN,Entertainment,175,100,142,361483000,90400,1400000,1100000,17400000,300000,2011,Oct,31,28.1,1366417754,5.36,471031528,20.593684,78.96288
Guerrero,443,Philippines,PH,Entertainment,7153,6,144,9980000,2500,39900,29900,479000,nan,2013,Apr,11,35.5,108116615,2.15,50975903,12.879721,121.774017
LIV,11099,India,IN,Entertainment,794,102,144,210909000,52700,843600,632700,10100000,300000,2014,May,2,28.1,1366417754,5.36,471031528,20.593684,78.96288
Avï¿,654,Turkey,TR,Entertainment,615,5,144,4427000,1100,17700,13300,212500,nan,2014,Dec,29,23.9,83429615,13.49,63097818,38.963745,35.243322
Populer,3810,Indonesia,ID,Entertainment,4520,24,144,17231000,4300,68900,51700,827100,100000,2017,Jan,16,36.3,270203917,4.69,151509724,-0.789275,113.921327
Kyle,533,Philippines,PH,Entertainment,5849,7,145,12376000,3100,49500,37100,594000,nan,2008,Apr,27,35.5,108116615,2.15,50975903,12.879721,121.774017
ï¿½ï¿½ï¿½ï¿½ï¿½ï¿½ï,753,Egypt,EG,Entertainment,1242,2,145,46060000,11500,184200,138200,2200000,100000,2014,Oct,31,35.2,100388073,10.76,42895824,26.820553,30.802498
675,Chapitosiki,15100000,13897932103,Entertainment,Chapitosiki,2717,Russia,RU,Entertainment,256,9,143,713509000,178400,2900000,2100000,34200000,700000,2020,Jan,24,81.9,144373535,4.59,107683889,61.52401,105.318756
682,XpressTV,15000000,4008801873,Entertainment,XpressTV,724,Mexico,MX,Entertainment,1907,26,146,33880000,8500,135500,101600,1600000,100000,2014,Nov,17,40.2,126014024,3.42,102626859,23.634501,-102.552784
SIBLINGS,965,India,IN,Entertainment,577,103,145,102357000,25600,409400,307100,4900000,200000,2016,Oct,9,28.1,1366417754,5.36,471031528,20.593684,78.96288
Arora,3168,India,IN,Entertainment,544,104,146,130731000,32700,522900,392200,6300000,200000,2017,Apr,7,28.1,1366417754,5.36,471031528,20.593684,78.96288
OFFICIAL,66362,Indonesia,ID,Entertainment,639,26,146,43581000,10900,174300,130700,2100000,100000,2012,Nov,29,36.3,270203917,4.69,151509724,-0.789275,113.921327
696,ERB,14900000,4033400167,Entertainment,ERB,86,United
Ch8,27944,Thailand,TH,Entertainment,1181,12,147,49556000,12400,198200,148700,2400000,100000,2011,Oct,17,49.3,69625582,0.75,35294600,15.870032,100.992541
TV,554,Spain,ES,Entertainment,325721,1549,2275,226420,57,906,679,10900,600,2010,Feb,19,88.9,47076781,13.96,37927409,40.463667,-3.74922
Rishtey,23490,India,IN,Entertainment,310,105,148,347603000,86900,1400000,1000000,16700000,400000,2013,Nov,28,28.1,1366417754,5.36,471031528,20.593684,78.96288
Loures,3978,Brazil,BR,Entertainment,1501,39,149,40975000,10200,163900,122900,2000000,100000,2014,May,27,51.3,212559417,12.08,183241641,-14.235004,-51.92528
Tops,490,Ecuador,EC,Entertainment,3458,1,150,16409000,4100,65600,49200,787600,100000,2014,Dec,29,44.9,17373662,3.97,11116711,-1.831239,-78.183406
Gï¿½ï¿½,951,Brazil,BR,Entertainment,1534,40,150,10547000,2600,42200,31600,506300,nan,2015,Nov,21,51.3,212559417,12.08,183241641,-14.235004,-51.92528
746,Telemundo,14500000,8582696157,Entertainment,Telemundo,19201,United
747,GMM25Thailand,14500000,9383692066,Entertainment,GMM25Thailand,68606,Thailand,TH,Entertainment,502,13,151,45622000,11400,182500,136900,2200000,100000,2011,Jun,8,49.3,69625582,0.75,35294600,15.870032,100.992541
753,ııııııııııııııııııııı,14400000,600154268,Entertainment,ııııııııııııııııııııı,364,South
755,Drawblogs,14400000,1629801448,Entertainment,Drawblogs,399,Peru,PE,Entertainment,6402,1,152,1002000,251,4000,3000,48100,nan,2014,May,20,70.7,32510453,3.31,25390339,-9.189967,-75.015152
SHORTS,5628,India,IN,Entertainment,647,108,152,212639000,53200,850600,637900,10200000,200000,2020,Oct,24,28.1,1366417754,5.36,471031528,20.593684,78.96288
768,ZEE5,14400000,18515587421,Entertainment,ZEE5,101401,India,IN,Entertainment,142,108,152,149799000,37400,599200,449400,7200000,100000,2018,Feb,13,28.1,1366417754,5.36,471031528,20.593684,78.96288
Hora,1281,Brazil,BR,Entertainment,1877,43,154,19029000,4800,76100,57100,913400,nan,2014,Oct,18,51.3,212559417,12.08,183241641,-14.235004,-51.92528
Bangla,132398,India,IN,Entertainment,352,109,153,59927000,15000,239700,179800,2900000,200000,2008,Feb,26,28.1,1366417754,5.36,471031528,20.593684,78.96288
782,DangMattSmith,14200000,3317805543,Entertainment,DangMattSmith,1724,United
Mental,846,nan,nan,Entertainment,2218,nan,155,6942000,1700,27800,20800,333200,nan,2013,Aug,10,nan,nan,nan,nan,nan,nan
Ardhana,2854,Indonesia,ID,Entertainment,1029,27,154,176062000,44000,704200,528200,8500000,400000,2016,Jan,6,36.3,270203917,4.69,151509724,-0.789275,113.921327
Ska,1540,Thailand,TH,Entertainment,1531,14,155,12502000,3100,50000,37500,600100,100000,2006,Oct,3,49.3,69625582,0.75,35294600,15.870032,100.992541
Beauty,431,Sweden,SE,Entertainment,4325,3,156,13709000,3400,54800,41100,658000,nan,2014,Sep,24,67,10285453,6.48,9021165,60.128161,18.643501
Emilia,651,Mexico,MX,Entertainment,1504,29,156,26783000,6700,107100,80300,1300000,100000,2014,Dec,30,40.2,126014024,3.42,102626859,23.634501,-102.552784
804,karameeshchannel,13900000,9106781518,Entertainment,karameeshchannel,2254,Jordan,JO,Music,526,3,137,87639000,21900,350600,262900,4200000,100000,2012,Jan,18,34.4,10101694,14.72,9213048,30.585164,36.238414
tv24,6,Bangladesh,BD,Entertainment,4056658,3776,6756,1,0,0,0,0.05,nan,2021,Feb,10,20.6,167310838,4.19,60987417,23.684994,90.356331
Rivera,288,nan,nan,Entertainment,2613,nan,157,142760000,35700,571000,428300,6900000,300000,2010,Aug,21,nan,nan,nan,nan,nan,nan
814,Airrack,13800000,2224911030,Entertainment,Airrack,173,United
Nï¿½ï¿½ï¿½ï¿½ï¿½ï¿,696,Brazil,BR,Entertainment,5035,47,159,87804000,22000,351200,263400,4200000,200000,2015,Feb,6,51.3,212559417,12.08,183241641,-14.235004,-51.92528
824,MAIKI021,13700000,1950178163,Entertainment,MAIKI021,3298,Brazil,BR,Entertainment,5135,47,159,7438000,1900,29800,22300,357000,nan,2008,Jan,22,51.3,212559417,12.08,183241641,-14.235004,-51.92528
Vlogs,1357,India,IN,Entertainment,663,116,162,109813000,27500,439300,329400,5300000,300000,2019,Mar,22,28.1,1366417754,5.36,471031528,20.593684,78.96288
Nate,1195,Thailand,TH,Entertainment,2436,15,162,41672000,10400,166700,125000,2000000,nan,2014,Dec,8,49.3,69625582,0.75,35294600,15.870032,100.992541
866,Vogue,13300000,4177184071,Entertainment,Vogue,3166,United
869,VexTrex,13300000,7923901253,Entertainment,VexTrex,2411,Ukraine,UA,Entertainment,669,5,163,379346000,0,0,0,0,nan,2014,Sep,8,82.7,44385155,8.88,30835699,48.379433,31.16558
875,HUBAï¿½ï¿½,13200000,9884886099,Entertainment,HUBAï¿½ï¿½,538,United
ï¿½ï¿½ï¿½ï¿½ï¿½ï¿,192,Russia,RU,Entertainment,9855,13,163,8769000,2200,35100,26300,420900,200000,2019,Jan,10,81.9,144373535,4.59,107683889,61.52401,105.318756
Divertida,413,Brazil,BR,Entertainment,1269,49,164,64517000,16100,258100,193600,3100000,100000,2018,Jan,17,51.3,212559417,12.08,183241641,-14.235004,-51.92528
Boggs,1327,nan,nan,Entertainment,520,nan,163,329312000,82300,1300000,987900,15800000,700000,2010,Mar,25,nan,nan,nan,nan,nan,nan
898,RedeTV,13100000,5333569294,Entertainment,RedeTV,36760,Brazil,BR,Entertainment,1240,50,165,17588000,4400,70400,52800,844200,nan,2011,Oct,18,51.3,212559417,12.08,183241641,-14.235004,-51.92528
901,Davie504,13000000,2683297849,Entertainment,Davie504,838,Italy,IT,Entertainment,3340,2,166,29870000,7500,119500,89600,1400000,100000,2011,May,18,61.9,60297396,9.89,42651966,41.87194,12.56738
Zoio,625,Brazil,BR,Entertainment,11340,51,166,3052000,763,12200,9200,146500,nan,2009,Mar,26,51.3,212559417,12.08,183241641,-14.235004,-51.92528
Sarjana,29,Indonesia,ID,Entertainment,772571,31,166,2292000000,0,0,0,0,300000,2016,Jan,20,36.3,270203917,4.69,151509724,-0.789275,113.921327
907,JesseAndMike,13000000,9999238237,Entertainment,JesseAndMike,716,United
Mouriz,1299,Mexico,MX,Entertainment,969,31,165,368437000,92100,1500000,1100000,17700000,600000,2017,Mar,18,40.2,126014024,3.42,102626859,23.634501,-102.552784
Yurley,69,Brazil,BR,Entertainment,93531,52,167,147626,37,591,443,7100,nan,2015,Jan,27,51.3,212559417,12.08,183241641,-14.235004,-51.92528
915,BIBOï¿½ï¿½ï¿½ï¿½ï,12900000,3178222797,Entertainment,BIBOï¿½ï¿½ï¿½ï¿½ï,193,South
ıııııııııııııı,1255,Ukraine,UA,Entertainment,1164,6,166,71118000,17800,284500,213400,3400000,200000,2014,Jul,17,82.7,44385155,8.88,30835699,48.379433,31.16558
Peanut,2337,Indonesia,ID,Entertainment,3109,32,167,837700,209,3400,2500,40200,nan,2016,Oct,26,36.3,270203917,4.69,151509724,-0.789275,113.921327
927,MrSuicideSheep,12800000,6970899521,Entertainment,MrSuicideSheep,3483,Canada,CA,Entertainment,842,13,168,18118000,4500,72500,54400,869600,nan,2010,Apr,9,68.9,36991981,5.56,30628482,56.130366,-106.346771
Lucas,50,nan,nan,Entertainment,4052208,nan,6682,48,0,0,0,0,8,2016,Apr,16,nan,nan,nan,nan,nan,nan
940,#Refï¿½ï¿½ï¿½ï¿½,12700000,2709954270,Entertainment,#Refugio
Mental,846,nan,nan,Entertainment,2218,nan,155,6942000,1700,27800,20800,333200,nan,2013,Aug,10,nan,nan,nan,nan,nan,nan
949,colinfurze,12500000,1612094871,Entertainment,colinfurze,385,United
960,Parafernalha,12500000,4625777945,Entertainment,Parafernalha,1888,Brazil,BR,Entertainment,1532,54,171,7158000,1800,28600,21500,343600,nan,2011,May,13,51.3,212559417,12.08,183241641,-14.235004,-51.92528
961,NDTV,12500000,4935793409,Entertainment,NDTV,151136,India,IN,News,1395,123,24,58527000,14600,234100,175600,2800000,100000,2006,May,8,28.1,1366417754,5.36,471031528,20.593684,78.96288
Fitness,1699,India,IN,Entertainment,413,123,171,235715000,58900,942900,707100,11300000,400000,2017,Jan,18,28.1,1366417754,5.36,471031528,20.593684,78.96288
Tamil,102699,India,IN,Entertainment,342,123,171,349940000,87500,1400000,1000000,16800000,200000,2008,Aug,26,28.1,1366417754,5.36,471031528,20.593684,78.96288
Comedy,11907,India,IN,Entertainment,337,122,170,180021000,45000,720100,540100,8600000,100000,2015,Aug,19,28.1,1366417754,5.36,471031528,20.593684,78.96288
977,SAAIHALILINTAR,12400000,1113066203,Entertainment,SAAIHALILINTAR,409,Indonesia,ID,Entertainment,10271,34,172,806075,202,3200,2400,38700,nan,2012,Apr,28,36.3,270203917,4.69,151509724,-0.789275,113.921327
HZHtube,813,Canada,CA,Entertainment,1900,14,172,9595000,2400,38400,28800,460600,nan,2015,Nov,24,68.9,36991981,5.56,30628482,56.130366,-106.346771
Kids,1212,India,IN,Entertainment,709,124,172,95163000,23800,380700,285500,4600000,100000,2012,Jul,6,28.1,1366417754,5.36,471031528,20.593684,78.96288
Aï¿,1200,Brazil,BR,Entertainment,525,55,172,552513000,138100,2200000,1700000,26500000,700000,2017,Feb,12,51.3,212559417,12.08,183241641,-14.235004,-51.92528
3,MrBeast,166000000,28368841870,Entertainment,MrBeast,741,United States,US,Entertainment,48,1,1,1348000000,337000,5400000,4000000,64700000,8000000,2012,Feb,20,88.2,328239523,14.7,270663028,37.09024,-95.712891
10,Vlad and Niki,98900000,77180169894,Entertainment,Vlad and Niki,574,United States,US,Entertainment,8,5,6,580574000,145100,2300000,1700000,27900000,600000,2018,Apr,23,88.2,328239523,14.7,270663028,37.09024,-95.712891
22,Zee TV,70500000,73139054467,Entertainment,Zee TV,129204,India,IN,Entertainment,9,6,8,1707000000,426800,6800000,5100000,81900000,900000,2005,Dec,11,28.1,1366417754,5.36,471031528,20.593684,78.96288
37,Marshmello,56400000,14696003229,Entertainment,Marshmello,436,United States,US,Music,233,11,15,112100000,28000,448400,336300,5400000,100000,2015,Apr,6,88.2,328239523,14.7,270663028,37.09024,-95.712891
47,Get Movies,47500000,30788679536,Entertainment,Get Movies,3322,Russia,RU,Film,35,1,4,306540000,76600,1200000,919600,14700000,700000,2006,Dec,16,81.9,144373535,4.59,107683889,61.52401,105.318756
48,Shemaroo,47400000,22519705183,Entertainment,Shemaroo,11451,India,IN,Entertainment,97,17,10,232744000,58200,931000,698200,11200000,500000,2007,Sep,1,28.1,1366417754,5.36,471031528,20.593684,78.96288
49,Badabun,46800000,19398045702,Entertainment,badabun,1,nan,nan,Music,4047729,nan,5525,440,0.11,2,1,21,75,2007,Jul,21,nan,nan,nan,nan,nan,nan
54,Voot Kids,45500000,21388725229,Entertainment,Voot Kids,4660,India,IN,Entertainment,105,18,13,233988000,58500,936000,702000,11200000,400000,2016,Nov,23,28.1,1366417754,5.36,471031528,20.593684,78.96288
55,Felipe Neto,45200000,16602198273,Entertainment,Felipe Neto,4331,Brazil,BR,Entertainment,174,2,14,130359000,32600,521400,391100,6300000,200000,2006,May,16,51.3,212559417,12.08,183241641,-14.235004,-51.92528
56,Vocï¿½ï¿½ï¿½,44700000,7828610828,Entertainment,Vocï¿½ï¿½ï¿½,1558,Brazil,BR,Entertainment,681,3,15,48032000,12000,192100,144100,2300000,100000,2013,Sep,1,51.3,212559417,12.08,183241641,-14.235004,-51.92528
57,HAR PAL GEO,44600000,41139050371,Entertainment,HAR PAL GEO,100755,Pakistan,PK,Entertainment,20,1,15,1337000000,334300,5300000,4000000,64200000,1300000,2008,Jan,2,9,216565318,4.45,79927762,30.375321,69.345116
63,HolaSoyGerman.,43600000,4831311245,Entertainment,holasoygerman. 2,6,nan,nan,People,4047806,nan,7716,4,0,0.02,0.01,0.19,nan,2016,May,27,nan,nan,nan,nan,nan,nan
66,ARY Digital HD,43200000,37939780685,Entertainment,ARY Digital HD,109871,Pakistan,PK,Entertainment,24,2,18,1149000000,287300,4600000,3400000,55200000,900000,2016,Jul,11,9,216565318,4.45,79927762,30.375321,69.345116
69,Like Nastya Show,42400000,19547696190,Entertainment,Like Nastya Show,618,United States,US,Entertainment,128,21,19,53202000,13300,212800,159600,2600000,nan,2017,Nov,14,88.2,328239523,14.7,270663028,37.09024,-95.712891
70,Rihanna,41900000,22477745835,Entertainment,Rihanna,84,Barbados,BB,Music,98,1,27,182926000,45700,731700,548800,8800000,100000,2005,Nov,6,65.4,287025,10.33,89431,13.193887,-59.543198
76,Toys and Colors,40300000,47005053156,Entertainment,Toys and colors,4,nan,nan,People,3989650,nan,7330,5,0,0.02,0.02,0.24,nan,2018,Jun,14,nan,nan,nan,nan,nan,nan
83,WorkpointOfficial,39000000,36131228583,Entertainment,WorkpointOfficial,72580,Thailand,TH,Entertainment,27,1,24,130461000,32600,521800,391400,6300000,200000,2012,Nov,5,49.3,69625582,0.75,35294600,15.870032,100.992541
89,TheEllenShow,38200000,22756581750,Entertainment,TheEllenShow,15672,United States,US,Entertainment,93,26,26,21804000,5500,87200,65400,1000000,nan,2006,Nov,21,88.2,328239523,14.7,270663028,37.09024,-95.712891
93,Like Nastya ESP,37600000,18208196857,Entertainment,Like Nastya ESP,743,United States,US,Entertainment,145,29,28,321026000,80300,1300000,963100,15400000,700000,2017,Apr,22,88.2,328239523,14.7,270663028,37.09024,-95.712891
94,ıııııııııııı one31,37500000,27262462114,Entertainment,ıııııııııııı one31,117152,Thailand,TH,Entertainment,56,2,29,140754000,35200,563000,422300,6800000,300000,2013,Jan,10,49.3,69625582,0.75,35294600,15.870032,100.992541
107,Saregama Music,35500000,15657673422,Entertainment,Saregama Music,7566,India,IN,Music,199,27,38,533793000,133400,2100000,1600000,25600000,900000,2013,Jan,4,28.1,1366417754,5.36,471031528,20.593684,78.96288
112,Ryan's World,35200000,55299840198,Entertainment,Ryan's World,2453,United States,US,Entertainment,15,35,32,238613000,59700,954500,715800,11500000,200000,2015,Mar,17,88.2,328239523,14.7,270663028,37.09024,-95.712891
118,Jess No Limit,34000000,3963007415,Entertainment,Jess No Limit,2284,Indonesia,ID,Entertainment,1882,1,33,547141000,136800,2200000,1600000,26300000,5500000,2017,Sep,7,36.3,270203917,4.69,151509724,-0.789275,113.921327
126,Ch3Thailand,33500000,29611914495,Entertainment,Ch3Thailand,96214,Thailand,TH,Entertainment,41,3,37,61307000,0,0,0,0,100000,2014,May,29,49.3,69625582,0.75,35294600,15.870032,100.992541
132,Eros Now Music,32700000,17853798780,Entertainment,Mzaalo,1521,India,IN,Entertainment,8055,730,838,20263000,5100,81100,60800,972600,40000,2012,Mar,14,28.1,1366417754,5.36,471031528,20.593684,78.96288
140,StarPlus,32000000,26800674545,Entertainment,StarPlus,44892,India,IN,Entertainment,60,38,40,1667000000,416800,6700000,5000000,80000000,1200000,2006,May,19,28.1,1366417754,5.36,471031528,20.593684,78.96288
142,GMA  Network,31900000,19428308461,Entertainment,GMA  Network,93311,Philippines,PH,Entertainment,129,2,41,798510000,199600,3200000,2400000,38300000,500000,2006,Nov,20,35.5,108116615,2.15,50975903,12.879721,121.774017
146,DONA ï¿½ï¿½,31700000,21031745531,Entertainment,DONA ï¿½ï¿½,166,United States,US,Entertainment,110,41,42,153280000,38300,613100,459800,7400000,200000,2018,Apr,5,88.2,328239523,14.7,270663028,37.09024,-95.712891
148,Lucas and Marcus,31600000,11615848291,Entertainment,Lucas and Marcus,1321,United States,US,Entertainment,339,42,43,312099000,78000,1200000,936300,15000000,400000,2011,Jan,19,88.2,328239523,14.7,270663028,37.09024,-95.712891
150,Luis Fonsi,31400000,15176762479,Entertainment,luisfonsi,0,nan,nan,nan,4057944,nan,nan,nan,0,0,0,0,nan,2006,Mar,31,nan,nan,nan,nan,nan,nan
154,TheDonato,31200000,6187804950,Entertainment,TheDonato,3027,Argentina,AR,Games,997,3,12,190679000,47700,762700,572000,9200000,1900000,2015,Feb,17,90,44938712,9.79,41339571,-38.416097,-63.616672
160,AH,30400000,4332274962,Entertainment,AH,2197,Indonesia,ID,Entertainment,1701,4,46,21440000,5400,85800,64300,1000000,nan,2014,Jan,26,36.3,270203917,4.69,151509724,-0.789275,113.921327
163,Boram Tube Vlog [ï¿½ï¿½ï¿½ï¿½ï¿½ï¿½ï¿½ï¿½ï¿,30300000,13546549817,Entertainment,Boram Tube Vlog [ï¿½ï¿½ï¿½ï¿½ï¿½ï¿½ï¿½ï¿½ï¿,223,United States,US,Entertainment,269,47,47,22724000,5700,90900,68200,1100000,nan,2012,Feb,21,88.2,328239523,14.7,270663028,37.09024,-95.712891
166,ıııııııı ıııııııı ıııııııııı | toyoraljanahtv,30200000,27684955537,Entertainment,ıııııııı ıııııııı ıııııııııı | toyoraljanahtv,3254,Jordan,JO,Music,51,1,52,116434000,29100,465700,349300,5600000,100000,2008,Nov,24,34.4,10101694,14.72,9213048,30.585164,36.238414
176,Zhong,29200000,14727238483,Entertainment,Zhong,1513,United States,US,Entertainment,230,51,48,180519000,0,0,0,0,1000000,2015,Jan,19,88.2,328239523,14.7,270663028,37.09024,-95.712891
182,The Late Late Show with James Corden,28400000,9956764048,Entertainment,The Late Late Show with James Corden,5809,United States,US,Entertainment,445,53,49,26435000,6600,105700,79300,1300000,nan,2006,Nov,21,88.2,328239523,14.7,270663028,37.09024,-95.712891
186,HUM TV,28300000,23844936965,Entertainment,HUM TV,106983,Pakistan,PK,Entertainment,80,3,49,684860000,171200,2700000,2100000,32900000,700000,2011,May,25,9,216565318,4.45,79927762,30.375321,69.345116
187,Shemaroo Movies,28200000,7600740993,Entertainment,Shemaroo Movies,3009,India,IN,Film,721,46,13,184966000,46200,739900,554900,8900000,500000,2011,Mar,1,28.1,1366417754,5.36,471031528,20.593684,78.96288
200,Crazy XYZ,27300000,7705492350,Entertainment,Crazy XYZ,1259,India,IN,Tech,707,48,2,102235000,25600,408900,306700,4900000,100000,2017,Sep,10,28.1,1366417754,5.36,471031528,20.593684,78.96288
201,ToyPuddingTV,27100000,15916882228,Entertainment,ToyPudding TV[ï¿½ï¿½ï¿½ï¿½ï,2,nan,nan,People,4052296,nan,7692,14,0,0.06,0.04,0.67,nan,2017,Jun,7,nan,nan,nan,nan,nan,nan
202,Dushyant kukreja,27100000,17318452893,Entertainment,Dushyant kukreja,889,India,IN,Entertainment,159,49,52,429692000,107400,1700000,1300000,20600000,700000,2015,Sep,26,28.1,1366417754,5.36,471031528,20.593684,78.96288
205,Renato Garcia YT,26900000,7938616641,Entertainment,Renato Garcia YT,3956,Brazil,BR,Entertainment,664,11,54,82912000,20700,331600,248700,4000000,200000,2011,Sep,29,51.3,212559417,12.08,183241641,-14.235004,-51.92528
208,Netflix,26700000,7173668905,Entertainment,Netflix,6471,United States,US,Entertainment,797,62,55,118226000,29600,472900,354700,5700000,200000,2012,Jul,17,88.2,328239523,14.7,270663028,37.09024,-95.712891
213,PANDA BOI,26400000,17211600007,Entertainment,PANDA BOI,967,Italy,IT,Entertainment,158,1,55,1225000000,306400,4900000,3700000,58800000,2000000,2020,Dec,5,61.9,60297396,9.89,42651966,41.87194,12.56738
214,BB Ki Vines,26300000,4749833967,Entertainment,BB Ki Vines,190,India,IN,Entertainment,1462,51,57,17264000,4300,69100,51800,828600,nan,2015,Jun,20,28.1,1366417754,5.36,471031528,20.593684,78.96288
216,Junya.ï¿½ï¿½ï¿½ï¿½,26200000,16097531087,Entertainment,Junya.ï¿½ï¿½ï¿½ï¿½,5985,Japan,JP,Entertainment,184,2,56,721848000,180500,2900000,2200000,34600000,1100000,2020,Sep,14,63.2,126226568,2.29,115782416,36.204824,138.252924
218,1MILLION Dance Studio,26100000,7886440199,Entertainment,1MILLION Dance Studio,0,Saudi Arabia,SA,Music,4057944,3695,5641,nan,0,0,0,0,nan,2019,Jul,13,68,34268528,5.93,28807838,23.885942,45.079162
241,TRANS7 OFFICIAL,25000000,14169516119,Entertainment,TRANS7 OFFICIAL,89179,Indonesia,ID,Entertainment,251,7,64,123189000,30800,492800,369600,5900000,100000,2014,Sep,4,36.3,270203917,4.69,151509724,-0.789275,113.921327
243,Dan Rhodes,24800000,17387583720,Entertainment,Dan Rhodes,1644,United Kingdom,GB,Entertainment,157,9,66,331889000,83000,1300000,995700,15900000,500000,2015,Oct,30,60,66834405,3.85,55908316,55.378051,-3.435973
245,America's Got Talent,24800000,3699352704,Entertainment,America's Got Talent,1894,United States,US,Entertainment,2122,72,65,134412000,33600,537600,403200,6500000,400000,2006,Jun,29,88.2,328239523,14.7,270663028,37.09024,-95.712891
252,Like Nastya AE,24400000,12385924995,Entertainment,Like Nastya AE,658,United States,US,Entertainment,312,75,68,169865000,42500,679500,509600,8200000,400000,2018,Dec,19,88.2,328239523,14.7,270663028,37.09024,-95.712891
253,Amit Bhadana,24300000,2380248899,Entertainment,Amit Bhadana,17,nan,nan,People,4054185,nan,7710,5,0,0.02,0.02,0.24,nan,2009,Dec,31,nan,nan,nan,nan,nan,nan
255,MrBeast en Espaï¿½ï,24200000,2700914170,Entertainment,MrBeast en Espaï¿½ï,67,Mexico,MX,Entertainment,3309,10,70,33590000,8400,134400,100800,1600000,100000,2021,Jul,9,40.2,126014024,3.42,102626859,23.634501,-102.552784
263,KSI,24100000,6002166932,Entertainment,KSI,1252,United Kingdom,GB,Music,1053,10,76,5439000,1400,21800,16300,261100,nan,2009,Jul,25,60,66834405,3.85,55908316,55.378051,-3.435973
267,James Charles,23900000,4067878931,Entertainment,James Charles,505,United States,US,Entertainment,1860,79,73,58126000,14500,232500,174400,2800000,100000,2015,Dec,1,88.2,328239523,14.7,270663028,37.09024,-95.712891
268,Collins Key,23900000,6582932625,Entertainment,Collins Key,257,United States,US,Entertainment,911,79,73,10853000,2700,43400,32600,520900,nan,2011,Aug,9,88.2,328239523,14.7,270663028,37.09024,-95.712891
270,Venus Entertainment,23800000,5663125358,Entertainment,Venus Entertainment,70,nan,nan,Entertainment,367929,nan,2500,31633,8,127,95,1500,nan,2016,May,17,nan,nan,nan,nan,nan,nan
278,Juan De Dios Pantoja,23600000,2135644776,Entertainment,Juan De Dios Pantoja,226,Mexico,MX,People,4529,11,10,46862000,11700,187400,140600,2200000,200000,2014,Jun,9,40.2,126014024,3.42,102626859,23.634501,-102.552784
279,Logan Paul,23600000,5994002464,Entertainment,Logan Paul,719,United States,US,Entertainment,1057,82,75,10803000,2700,43200,32400,518600,nan,2015,Aug,29,88.2,328239523,14.7,270663028,37.09024,-95.712891
280,Maya and Mary,23600000,6766461070,Entertainment,Maya and Mary,552,United States,US,Entertainment,883,82,75,44542000,11100,178200,133600,2100000,400000,2013,Aug,30,88.2,328239523,14.7,270663028,37.09024,-95.712891
286,Sesame Street,23300000,22471357411,Entertainment,Sesame Street,3657,United States,US,Entertainment,99,83,78,124187000,31000,496700,372600,6000000,100000,2006,Jan,16,88.2,328239523,14.7,270663028,37.09024,-95.712891
289,Akshay Nagwadiya,23200000,7966720147,Entertainment,Akshay Nagwadiya,595,nan,nan,Entertainment,660,nan,79,321179000,80300,1300000,963500,15400000,900000,2017,Oct,25,nan,nan,nan,nan,nan,nan
295,Tsuriki Show,23000000,31494513067,Entertainment,Tsuriki Show,2905,Germany,DE,Comedy,34,1,15,756717000,189200,3000000,2300000,36300000,800000,2019,Jul,10,70.2,83132799,3.04,64324835,51.165691,10.451526
297,DrossRotzank,23000000,6041264489,Entertainment,DrossRotzank,1598,Argentina,AR,Entertainment,1040,5,80,35539000,8900,142200,106600,1700000,100000,2006,Mar,9,90,44938712,9.79,41339571,-38.416097,-63.616672
298,White Hill Music,23000000,10939966484,Entertainment,White Hill Music,5718,India,IN,Music,382,60,82,93183000,23300,372700,279500,4500000,100000,2014,Mar,23,28.1,1366417754,5.36,471031528,20.593684,78.96288
303,KL BRO Biju Rithvik,22800000,17988347989,Entertainment,KL BRO Biju Rithvik,1841,nan,nan,Entertainment,143,nan,79,2033000000,508100,8100000,6100000,97600000,3200000,2020,Jul,21,nan,nan,nan,nan,nan,nan
305,Like Nastya PRT,22700000,11568118121,Entertainment,Like Nastya PRT,654,nan,nan,Entertainment,344,nan,82,96613000,24200,386500,289800,4600000,100000,2019,Apr,9,nan,nan,nan,nan,nan,nan
318,Kinder Spielzeug Kanal (Kidibli),22200000,11136266461,Entertainment,Kinder Spielzeug Kanal (Kidibli),999,United States,US,Entertainment,370,92,86,139333000,34800,557300,418000,6700000,200000,2015,Sep,25,88.2,328239523,14.7,270663028,37.09024,-95.712891
321,Sagawa /ï¿½ï¿½ï¿½,22000000,18347969186,Entertainment,Sagawa /ï¿½ï¿½ï¿½,6274,Japan,JP,Entertainment,144,3,88,711254000,177800,2800000,2100000,34100000,800000,2021,Feb,13,63.2,126226568,2.29,115782416,36.204824,138.252924
325,Disney Latinoamï¿½ï¿½,21900000,20657571751,Entertainment,disneylatinoamerica,116,Mexico,MX,Music,1277277,2973,4085,4719,1,19,14,227,nan,2008,Apr,7,40.2,126014024,3.42,102626859,23.634501,-102.552784
336,Eva Bravo Play,21600000,9346383505,Entertainment,Eva Bravo Play,228,United States,US,Entertainment,507,96,90,63919000,16000,255700,191800,3100000,nan,2019,May,7,88.2,328239523,14.7,270663028,37.09024,-95.712891
346,Infinite,21300000,5141834668,Entertainment,Infinite,1608,United States,US,Entertainment,1296,98,93,68350000,17100,273400,205100,3300000,200000,2014,Aug,21,88.2,328239523,14.7,270663028,37.09024,-95.712891
347,Azhan5star,21300000,10047736580,Entertainment,Azhan5star,669,India,IN,Entertainment,436,67,92,236293000,59100,945200,708900,11300000,600000,2021,Feb,2,28.1,1366417754,5.36,471031528,20.593684,78.96288
348,Dangal TV Channel,21300000,12895427184,Entertainment,Dangal TV Channel,20225,India,IN,Entertainment,291,67,92,561020000,140300,2200000,1700000,26900000,700000,2017,Aug,2,28.1,1366417754,5.36,471031528,20.593684,78.96288
350,GMA Public  Affairs,21200000,11364908616,Entertainment,GMA Public  Affairs,31989,Philippines,PH,News,359,4,7,142317000,35600,569300,427000,6800000,200000,2009,Aug,8,35.5,108116615,2.15,50975903,12.879721,121.774017
353,nigahiga,21000000,4380564906,Entertainment,nigahiga,403,United States,US,Entertainment,1671,100,95,2476000,619,9900,7400,118900,nan,2006,Jul,21,88.2,328239523,14.7,270663028,37.09024,-95.712891
354,Rafa & Luiz,21000000,7762905663,Entertainment,Rafa & Luiz,2883,Brazil,BR,Entertainment,695,16,94,118410000,29600,473600,355200,5700000,400000,2015,Aug,26,51.3,212559417,12.08,183241641,-14.235004,-51.92528
355,Lyrical Lemonade,21000000,10631638628,Entertainment,Lyrical Lemonade,420,United States,US,Entertainment,398,100,95,80062000,20000,320200,240200,3800000,100000,2013,Mar,25,88.2,328239523,14.7,270663028,37.09024,-95.712891
358,Fatos Desconhecidos,20900000,3828000587,Entertainment,Fatos Desconhecidos,6262,Brazil,BR,Entertainment,2033,17,96,52330000,13100,209300,157000,2500000,100000,2013,Sep,26,51.3,212559417,12.08,183241641,-14.235004,-51.92528
365,Yoeslan,20700000,17963202261,Entertainment,Yoeslan,619,United States,US,Entertainment,146,101,96,874796000,218700,3500000,2600000,42000000,1000000,2020,Sep,26,88.2,328239523,14.7,270663028,37.09024,-95.712891
367,Zach King,20700000,5410164682,Entertainment,Zach King,6,nan,nan,Entertainment,3997461,nan,4664,125,0.03,0.5,0.38,6,10,2013,Jun,5,nan,nan,nan,nan,nan,nan
370,Deddy Corbuzier,20600000,4956090094,Entertainment,deddycorbuzier,15,Indonesia,ID,Entertainment,3539124,4044,6217,85,0.02,0.34,0.26,4,1,2007,Jul,23,36.3,270203917,4.69,151509724,-0.789275,113.921327
373,Mnet K-POP,20500000,15038593883,Entertainment,Mnet K-POP,33229,South Korea,KR,Entertainment,220,7,99,158540000,39600,634200,475600,7600000,100000,2006,Mar,9,94.3,51709098,4.15,42106719,35.907757,127.766922
375,Ninja Kidz TV,20500000,11009148579,Entertainment,Ninja Kidz TV,296,United States,US,Entertainment,377,104,99,195203000,48800,780800,585600,9400000,100000,2017,Feb,9,88.2,328239523,14.7,270663028,37.09024,-95.712891
379,Vijay Television,20400000,29406206620,Entertainment,Vijay Television,51515,India,IN,Entertainment,43,70,100,907534000,226900,3600000,2700000,43600000,400000,2007,Feb,1,28.1,1366417754,5.36,471031528,20.593684,78.96288
380,SlivkiShow,20400000,4707412332,Entertainment,SlivkiShow,462,Ukraine,UA,Entertainment,1489,1,100,28990000,7200,116000,87000,1400000,nan,2012,Dec,11,82.7,44385155,8.88,30835699,48.379433,31.16558
382,Got Talent Global,20300000,2441288701,Entertainment,Got Talent Global,1245,United Kingdom,GB,Entertainment,3750,15,101,86457000,21600,345800,259400,4100000,100000,2013,Jan,31,60,66834405,3.85,55908316,55.378051,-3.435973
385,Ami Rodriguez,20200000,2951914200,Entertainment,Ami Rodriguez,460,Colombia,CO,Entertainment,2959,7,103,263864000,66000,1100000,791600,12700000,1600000,2009,Jul,20,55.3,50339443,9.71,40827302,4.570868,-74.297333
387,Family GamesTV,20200000,7066711323,Entertainment,FamilyGamesTV,0,nan,nan,Games,4057944,nan,7492,nan,0,0,0,0,nan,2012,Dec,29,nan,nan,nan,nan,nan,nan
392,CookieSwirlC,20100000,23353115850,Entertainment,CookieSwirlC,3774,United States,US,Games,86,108,28,221702000,55400,886800,665100,10600000,200000,2013,Nov,3,88.2,328239523,14.7,270663028,37.09024,-95.712891
395,Robin Hood Gamer,20100000,10366850490,Entertainment,Homem Aranha player,0,nan,nan,Games,4057944,nan,7471,nan,0,0,0,0,nan,2013,Mar,16,nan,nan,nan,nan,nan,nan
399,Marvel Entertainment,20100000,5634695322,Entertainment,MarvelEntertainment,1,United States,US,Film,4054962,6143,4024,63,0.02,0.25,0.19,3,30,2011,May,10,88.2,328239523,14.7,270663028,37.09024,-95.712891
401,REACT,20000000,13154314376,Entertainment,REACT,4339,United States,US,Entertainment,281,109,104,23206000,5800,92800,69600,1100000,nan,2007,Jun,4,88.2,328239523,14.7,270663028,37.09024,-95.712891
403,Gordon Ramsay,20000000,3875172235,Entertainment,Gordon Ramsay,1527,United Kingdom,GB,Entertainment,2001,16,104,39228000,9800,156900,117700,1900000,200000,2006,Apr,29,60,66834405,3.85,55908316,55.378051,-3.435973
413,Britain's Got Talent,19700000,11323617496,Entertainment,Britain's Got Talent,4225,United Kingdom,GB,Entertainment,364,17,106,54192000,13500,216800,162600,2600000,100000,2008,Apr,12,60,66834405,3.85,55908316,55.378051,-3.435973
414,SCTV,19700000,9808676159,Entertainment,SCTV,267,United Kingdom,GB,Music,2831648,3695,4668,336,0.08,1,1,16,nan,2006,Mar,25,60,66834405,3.85,55908316,55.378051,-3.435973
417,tabii Urdu,19600000,8779729549,Entertainment,tabii Urdu,1306,Turkey,TR,Entertainment,562,3,107,110806000,27700,443200,332400,5300000,100000,2020,Apr,17,23.9,83429615,13.49,63097818,38.963745,35.243322
420,RKD Studios,19500000,5234251168,Entertainment,RKD Studios,847,India,IN,Entertainment,1265,74,108,59841000,0,0,0,0,300000,2014,Mar,14,28.1,1366417754,5.36,471031528,20.593684,78.96288
423,etvteluguindia,19400000,23038014291,Entertainment,etvteluguindia,125974,India,IN,Entertainment,88,75,109,272917000,68200,1100000,818800,13100000,200000,2010,Mar,15,28.1,1366417754,5.36,471031528,20.593684,78.96288
429,Sonotek,19200000,7590582024,Entertainment,Sonotek,8285,India,IN,Music,724,77,98,28678000,7200,114700,86000,1400000,100000,2011,Jan,11,28.1,1366417754,5.36,471031528,20.593684,78.96288
430,Jimmy Kimmel Live,19100000,13124645973,Entertainment,Jimmy Kimmel Live,6526,United States,US,Comedy,283,115,23,17243000,4300,69000,51700,827600,nan,2006,Sep,20,88.2,328239523,14.7,270663028,37.09024,-95.712891
439,KBS WORLD TV,19000000,15126092508,Entertainment,KBS WORLD TV,64496,South Korea,KR,Entertainment,217,8,111,107989000,27000,432000,324000,5200000,nan,2007,Jan,6,94.3,51709098,4.15,42106719,35.907757,127.766922
444,Sidemen,18800000,5257834105,Entertainment,Sidemen,312,United Kingdom,GB,Entertainment,1263,19,113,78158000,19500,312600,234500,3800000,100000,2015,Jun,14,60,66834405,3.85,55908316,55.378051,-3.435973
448,ıııııııııııııııııııııı,18800000,9594188708,Entertainment,ıııııııııııııııııııııı,530,Ukraine,UA,Entertainment,483,2,113,68006000,17000,272000,204000,3300000,100000,2014,Oct,20,82.7,44385155,8.88,30835699,48.379433,31.16558
450,CKN,18700000,12295637162,Entertainment,cKn,16,Spain,ES,Music,3188353,4093,5631,102,0.03,0.41,0.31,5,1,2005,Sep,26,88.9,47076781,13.96,37927409,40.463667,-3.74922
452,Shemaroo Comedy,18600000,6047584292,Entertainment,Shemaroo Comedy,4487,India,IN,Comedy,1033,81,24,102431000,25600,409700,307300,4900000,200000,2007,Jan,31,28.1,1366417754,5.36,471031528,20.593684,78.96288
461,PDK Films,18400000,4120324310,Entertainment,PDK Films,111,United States,US,Entertainment,1825,120,116,14430000,3600,57700,43300,692600,nan,2009,Jul,21,88.2,328239523,14.7,270663028,37.09024,-95.712891
467,Miley Cyrus,18300000,7760819588,Entertainment,Miley Cyrus,142,United States,US,Entertainment,696,121,117,127982000,32000,511900,383900,6100000,100000,2009,Sep,15,88.2,328239523,14.7,270663028,37.09024,-95.712891
469,Good Mythical Morning,18300000,8798044678,Entertainment,Goodmythicalmorning,0,nan,nan,nan,3612215,3305,nan,nan,0,0,0,0,nan,nan,nan,nan,nan,nan,nan,nan,nan,nan
472,Jake Fellman,18100000,13378360425,Entertainment,Jake Fellman,420,United States,US,Entertainment,274,122,118,497044000,124300,2000000,1500000,23900000,700000,2012,Oct,13,88.2,328239523,14.7,270663028,37.09024,-95.712891
473,GEN HALILINTAR,18100000,3306242674,Entertainment,GEN HALILINTAR,1037,Indonesia,ID,Entertainment,2498,15,119,27312000,6800,109200,81900,1300000,nan,2015,Mar,4,36.3,270203917,4.69,151509724,-0.789275,113.921327
477,Ajay Sharma,18100000,12249828886,Entertainment,Ajay Sharma,0,nan,nan,nan,4057944,nan,nan,nan,0,0,0,0,1,2009,Oct,24,nan,nan,nan,nan,nan,nan
480,And TV,18000000,15412333005,Entertainment,ANDtv,45,United States,US,Entertainment,4012108,7627,6667,4,0,0.02,0.01,0.19,nan,2006,Aug,4,88.2,328239523,14.7,270663028,37.09024,-95.712891
487,RobleisIUTU,17900000,5168721499,Entertainment,RobleisIUTU,1344,Argentina,AR,Games,1294,9,35,27545000,6900,110200,82600,1300000,100000,2013,Apr,15,90,44938712,9.79,41339571,-38.416097,-63.616672
490,Like Nastya VNM,17900000,9867515979,Entertainment,Like Nastya VNM,602,Vietnam,VN,Entertainment,455,1,121,84467000,21100,337900,253400,4100000,100000,2019,Nov,22,28.5,96462106,2.01,35332140,14.058324,108.277199
502,Porta dos Fundos,17700000,7739048000,Entertainment,Porta dos Fundos,2240,Brazil,BR,Entertainment,705,27,123,35337000,8800,141300,106000,1700000,nan,2012,Mar,12,51.3,212559417,12.08,183241641,-14.235004,-51.92528
512,FactTechz,17500000,2238134438,Entertainment,FactTechz,709,India,IN,Entertainment,4243,86,124,21056000,5300,84200,63200,1000000,nan,2016,Jul,24,28.1,1366417754,5.36,471031528,20.593684,78.96288
514,Fun For Kids TV - Hindi Rhymes,17500000,7612385622,Entertainment,Fun For Kids TV - Hindi Rhymes,149,India,IN,Entertainment,723,86,124,109847000,27500,439400,329500,5300000,300000,2017,Sep,27,28.1,1366417754,5.36,471031528,20.593684,78.96288
517,AMARINTV : ï¿½ï¿½ï¿½ï¿½ï¿½ï¿½ï¿½ï¿½ï¿½ï¿½ï¿½ï¿½,17400000,13043561912,Entertainment,AMARINTV : ï¿½ï¿½ï¿½ï¿½ï¿½ï¿½ï¿½ï¿½ï¿½ï¿½ï¿½ï¿½,118448,Thailand,TH,News,286,8,11,235993000,59000,944000,708000,11300000,200000,2014,Feb,5,49.3,69625582,0.75,35294600,15.870032,100.992541
522,Taarak Mehta Ka Ooltah Chashmah,17300000,11371738047,Entertainment,Taarak Mehta Ka Ooltah Chashmah,4778,India,IN,Entertainment,356,87,125,331944000,83000,1300000,995800,15900000,300000,2014,Aug,4,28.1,1366417754,5.36,471031528,20.593684,78.96288
531,TRANS TV Official,17100000,9710962528,Entertainment,TRANS TV Official,148225,Indonesia,ID,Entertainment,472,18,127,45811000,11500,183200,137400,2200000,100000,2014,Sep,2,36.3,270203917,4.69,151509724,-0.789275,113.921327
535,Gaby and Alex,17000000,8229883114,Entertainment,gabyandalex,1,nan,nan,People,4057752,nan,7732,nan,0,0,0,0,nan,2008,Aug,21,nan,nan,nan,nan,nan,nan
539,EeOneGuy,16900000,3827906874,Entertainment,EeOneGuy,366,United States,US,Entertainment,2039,134,129,1635000,409,6500,4900,78500,nan,2013,Mar,19,88.2,328239523,14.7,270663028,37.09024,-95.712891
540,VICE,16900000,4609753237,Entertainment,VICE,3900,United States,US,Entertainment,1543,134,129,36357000,9100,145400,109100,1700000,100000,2005,Dec,16,88.2,328239523,14.7,270663028,37.09024,-95.712891
544,DeToxoMoroxo,16800000,2315962318,Entertainment,de toxomoroxo,1,nan,nan,Music,4056488,nan,5767,nan,0,0,0,0,nan,2016,Apr,30,nan,nan,nan,nan,nan,nan
545,Doggy Doggy Cartoons,16800000,6518418501,Entertainment,Doggy Doggy Cartoons,0,nan,nan,nan,4057944,nan,nan,nan,0,0,0,0,nan,2018,Nov,11,nan,nan,nan,nan,nan,nan
547,Like Nastya IDN,16800000,7195314800,Entertainment,Like Nastya IDN,502,Indonesia,ID,Entertainment,795,19,130,42836000,10700,171300,128500,2100000,100000,2019,Nov,22,36.3,270203917,4.69,151509724,-0.789275,113.921327
549,Salman Noman,16700000,10393037902,Entertainment,salman Noman,3,nan,nan,nan,4057674,nan,nan,7,0,0.03,0.02,0.34,10,2022,May,14,nan,nan,nan,nan,nan,nan
551,With Kids[ï¿½ï¿½ï¿½ï¿½ï,16700000,8826138204,Entertainment,With Kids[ï¿½ï¿½ï¿½ï¿½ï,920,United States,US,Entertainment,559,135,130,45698000,11400,182800,137100,2200000,100000,2012,Jul,6,88.2,328239523,14.7,270663028,37.09024,-95.712891
555,Werever2morro,16600000,2798273962,Entertainment,werever2morro,0,Mexico,MX,Games,4057944,4248,7462,nan,0,0,0,0,nan,2010,Dec,7,40.2,126014024,3.42,102626859,23.634501,-102.552784
558,SriBalajiMovies,16600000,9439857193,Entertainment,SriBalajiMovies,20102,India,IN,Entertainment,497,91,132,154049000,38500,616200,462100,7400000,200000,2011,Sep,29,28.1,1366417754,5.36,471031528,20.593684,78.96288
560,Younes Zarou,16600000,15278668857,Entertainment,Younes Zarou,2200,Germany,DE,Entertainment,213,4,131,617257000,154300,2500000,1900000,29600000,900000,2021,May,6,70.2,83132799,3.04,64324835,51.165691,10.451526
561,Jordan Matter,16600000,5819508534,Entertainment,Jordan Matter,413,United States,US,Entertainment,1088,136,132,199033000,49800,796100,597100,9600000,300000,2006,Dec,21,88.2,328239523,14.7,270663028,37.09024,-95.712891
562,ıııııııı ıııııııııııııııııııııı,16500000,2440934034,Entertainment,ıııııııı ıııııııııııııııııııııı,421,United States,US,Entertainment,3778,137,133,21953000,5500,87800,65900,1100000,200000,2014,Mar,9,88.2,328239523,14.7,270663028,37.09024,-95.712891
565,FunFun Toy Doll TV,16500000,7406207930,Entertainment,FunFun Toy Doll TV,735,United States,US,Entertainment,757,137,133,24378000,6100,97500,73100,1200000,nan,2016,May,31,88.2,328239523,14.7,270663028,37.09024,-95.712891
569,Ch7HD,16400000,9463244435,Entertainment,Ch7HD,56203,Thailand,TH,Entertainment,496,9,134,87757000,21900,351000,263300,4200000,100000,2010,May,17,49.3,69625582,0.75,35294600,15.870032,100.992541
570,RCTI - LAYAR DRAMA INDONESIA,16400000,13478392540,Entertainment,RCTI - LAYAR DRAMA INDONESIA,1,nan,nan,People,4057943,nan,7724,nan,0,0,0,0,nan,2020,Oct,19,nan,nan,nan,nan,nan,nan
571,Alfredo Larin,16400000,14431830557,Entertainment,Alfredo Larin,1,nan,nan,Entertainment,4057780,nan,6788,1,0,0,0,0.05,nan,2015,Nov,23,nan,nan,nan,nan,nan,nan
572,GMMTV OFFICIALï¿½ï¿½,16400000,12844432341,Entertainment,GMMTV OFFICIALï¿½ï¿½,23952,Thailand,TH,Entertainment,294,9,134,181382000,45300,725500,544100,8700000,200000,2010,Sep,13,49.3,69625582,0.75,35294600,15.870032,100.992541
573,Matt Stonie,16300000,3527627264,Entertainment,MattStonie,54,United States,US,Entertainment,283499,1874,1836,29735,7,119,89,1400,nan,2010,Jun,19,88.2,328239523,14.7,270663028,37.09024,-95.712891
579,Bollywood Classics,16300000,7141825267,Entertainment,Bollywood Classics,1444,India,IN,Music,804,93,116,151477000,37900,605900,454400,7300000,300000,2011,Oct,13,28.1,1366417754,5.36,471031528,20.593684,78.96288
583,Kids Play,16200000,8091706232,Entertainment,Kids Play,593,United States,US,Entertainment,636,140,136,25912000,6500,103600,77700,1200000,nan,2018,May,14,88.2,328239523,14.7,270663028,37.09024,-95.712891
588,LEGO,16200000,20522339099,Entertainment,LEGO,31889,Singapore,SG,Entertainment,116,1,136,117209000,29300,468800,351600,5600000,200000,2005,Oct,22,84.8,5703569,4.11,5703569,1.352083,103.819836
590,AdMe,16200000,4488680903,Entertainment,Aday Cï¿½ï¿½ï¿½ï¿½ï,10,Spain,ES,Music,4048675,4228,5766,4,0,0.02,0.01,0.19,nan,2006,May,2,88.9,47076781,13.96,37927409,40.463667,-3.74922
592,Dyland PROS,16100000,1517638132,Entertainment,Dyland PROS,2805,Indonesia,ID,Games,6986,21,41,9619000,2400,38500,28900,461700,nan,2015,Jan,28,36.3,270203917,4.69,151509724,-0.789275,113.921327
597,Daily Dose Of Internet,16100000,6872702790,Entertainment,Daily Dose Of Internet,671,United States,US,Entertainment,851,140,136,399807000,100000,1600000,1200000,19200000,300000,2015,Jul,15,88.2,328239523,14.7,270663028,37.09024,-95.712891
600,Disney Junior,16100000,15812009296,Entertainment,Disney Junior,4045,United States,US,Entertainment,196,140,136,267131000,66800,1100000,801400,12800000,300000,2008,Apr,22,88.2,328239523,14.7,270663028,37.09024,-95.712891
601,La Rosa de Guadalupe,16100000,9642146451,Entertainment,larosadeguadalupe,0,Mexico,MX,Games,4057944,4258,7472,nan,0,0,0,0,nan,2008,Sep,3,40.2,126014024,3.42,102626859,23.634501,-102.552784
623,Prime Video India,15700000,8696631898,Entertainment,Prime Video India,7090,United States,US,Entertainment,569,144,139,335111000,83800,1300000,1000000,16100000,1200000,2016,Oct,3,88.2,328239523,14.7,270663028,37.09024,-95.712891
624,Caeli YT,15600000,1511794214,Entertainment,Caeli YT,483,Mexico,MX,Entertainment,7440,24,140,62551000,0,0,0,0,nan,2010,Sep,22,40.2,126014024,3.42,102626859,23.634501,-102.552784
627,Juliana Baltar,15600000,3869457097,Entertainment,Juliana Baltar,2019,Brazil,BR,Entertainment,2002,34,140,56218000,14100,224900,168700,2700000,100000,2010,May,9,51.3,212559417,12.08,183241641,-14.235004,-51.92528
630,Super Senya,15500000,5070970714,Entertainment,Super Senya,0,nan,nan,nan,4057944,nan,nan,nan,0,0,0,0,nan,2017,Jul,27,nan,nan,nan,nan,nan,nan
636,Kashvi Adlakha,15500000,12714141740,Entertainment,Kashvi Adlakha,1525,India,IN,Entertainment,300,99,141,139123000,34800,556500,417400,6700000,200000,2017,Apr,9,28.1,1366417754,5.36,471031528,20.593684,78.96288
637,Talking Tom & Friends,15500000,6396049701,Entertainment,Talking Tom & Friends,417,United States,US,Film,956,146,34,27375000,6800,109500,82100,1300000,nan,2010,Oct,14,88.2,328239523,14.7,270663028,37.09024,-95.712891
651,Mazhavil Manorama,15300000,16545966132,Entertainment,Mazhavil Manorama,87864,India,IN,Entertainment,175,100,142,361483000,90400,1400000,1100000,17400000,300000,2011,Oct,31,28.1,1366417754,5.36,471031528,20.593684,78.96288
654,Niana Guerrero,15200000,1491452935,Entertainment,Niana Guerrero,443,Philippines,PH,Entertainment,7153,6,144,9980000,2500,39900,29900,479000,nan,2013,Apr,11,35.5,108116615,2.15,50975903,12.879721,121.774017
656,Sony LIV,15200000,7151683497,Entertainment,Sony LIV,11099,India,IN,Entertainment,794,102,144,210909000,52700,843600,632700,10100000,300000,2014,May,2,28.1,1366417754,5.36,471031528,20.593684,78.96288
657,T-Series Hamaar Bhojpuri,15200000,7564652648,Entertainment,T-Series Hamaar Bhojpuri,9862,India,IN,Music,728,101,125,105978000,26500,423900,317900,5100000,200000,2011,Nov,1,28.1,1366417754,5.36,471031528,20.593684,78.96288
658,Oyuncak Avï¿,15200000,8333387785,Entertainment,Oyuncak Avï¿,654,Turkey,TR,Entertainment,615,5,144,4427000,1100,17700,13300,212500,nan,2014,Dec,29,23.9,83429615,13.49,63097818,38.963745,35.243322
675,Chapitosiki,15100000,13897932103,Entertainment,Chapitosiki,2717,Russia,RU,Entertainment,256,9,143,713509000,178400,2900000,2100000,34200000,700000,2020,Jan,24,81.9,144373535,4.59,107683889,61.52401,105.318756
679,Little Angel - Mï¿½ï¿½ï¿½ï¿½ï¿½ï¿½ï¿½ï¿½ï¿½ï¿½,15000000,8897705695,Entertainment,Little Angel - Mï¿½ï¿½ï¿½ï¿½ï¿½ï¿½ï¿½ï¿½ï¿½ï¿½ï¿½,795,Brazil,BR,Education,548,36,34,145478000,36400,581900,436400,7000000,nan,2018,Jan,26,51.3,212559417,12.08,183241641,-14.235004,-51.92528
682,XpressTV,15000000,4008801873,Entertainment,XpressTV,724,Mexico,MX,Entertainment,1907,26,146,33880000,8500,135500,101600,1600000,100000,2014,Nov,17,40.2,126014024,3.42,102626859,23.634501,-102.552784
686,THE BROWN SIBLINGS,15000000,8658553456,Entertainment,THE BROWN SIBLINGS,965,India,IN,Entertainment,577,103,145,102357000,25600,409400,307100,4900000,200000,2016,Oct,9,28.1,1366417754,5.36,471031528,20.593684,78.96288
689,Ray William Johnson,15000000,10239836582,Entertainment,Ray William Johnson,1803,United States,US,Comedy,423,151,29,312858000,78200,1300000,938600,15000000,200000,2008,May,26,88.2,328239523,14.7,270663028,37.09024,-95.712891
693,A2 Motivation by Arvind Arora,15000000,8932038210,Entertainment,A2 Motivation by Arvind Arora,3168,India,IN,Entertainment,544,104,146,130731000,32700,522900,392200,6300000,200000,2017,Apr,7,28.1,1366417754,5.36,471031528,20.593684,78.96288
695,MNCTV OFFICIAL,14900000,8074260978,Entertainment,MNCTV OFFICIAL,66362,Indonesia,ID,Entertainment,639,26,146,43581000,10900,174300,130700,2100000,100000,2012,Nov,29,36.3,270203917,4.69,151509724,-0.789275,113.921327
696,ERB,14900000,4033400167,Entertainment,ERB,86,United States,US,Entertainment,1886,152,147,11043000,2800,44200,33100,530100,nan,2006,Feb,8,88.2,328239523,14.7,270663028,37.09024,-95.712891
698,iTownGamePlay *Terror&Diversiï¿½ï,14900000,4977284539,Entertainment,iTownGamePlay *Terror&Diversiï¿½ï,8420,Spain,ES,Games,1377,13,49,13857000,3500,55400,41600,665200,100000,2012,Feb,15,88.9,47076781,13.96,37927409,40.463667,-3.74922
699,ıııııııııııı8 : Thai Ch8,14900000,5549770244,Entertainment,ıııııııııııı8 : Thai Ch8,27944,Thailand,TH,Entertainment,1181,12,147,49556000,12400,198200,148700,2400000,100000,2011,Oct,17,49.3,69625582,0.75,35294600,15.870032,100.992541
703,Bayashi TV,14900000,8615618825,Entertainment,ııııııııııııııııııBAYASHITV,93,Japan,JP,Autos,3468229,3508,3271,2477,0.62,10,7,119,9,2012,Nov,19,63.2,126226568,2.29,115782416,36.204824,138.252924
715,ıııııııııı ıııııııııııı,14700000,2230986039,Entertainment,ıııııııııı ıııııııııııı,1385,Saudi Arabia,SA,Entertainment,4276,5,149,2694000,673,10800,8100,129300,nan,2016,May,27,68,34268528,5.93,28807838,23.885942,45.079162
716,Maha Fun Tv,14700000,1321380490,Entertainment,Maha Fun Tv,85,United States,US,Entertainment,8317,154,149,4781000,1200,19100,14300,229500,nan,2017,Sep,5,88.2,328239523,14.7,270663028,37.09024,-95.712891
717,Canal Nostalgia,14700000,1506796393,Entertainment,Canal Nostalgia TV,554,Spain,ES,Entertainment,325721,1549,2275,226420,57,906,679,10900,600,2010,Feb,19,88.9,47076781,13.96,37927409,40.463667,-3.74922
718,The Slow Mo Guys,14700000,2465473772,Entertainment,The Slow Mo Guys,317,United States,US,Education,3746,154,36,18978000,4700,75900,56900,911000,nan,2010,Aug,15,88.2,328239523,14.7,270663028,37.09024,-95.712891
723,Colors Rishtey,14700000,12362331529,Entertainment,Colors Rishtey,23490,India,IN,Entertainment,310,105,148,347603000,86900,1400000,1000000,16700000,400000,2013,Nov,28,28.1,1366417754,5.36,471031528,20.593684,78.96288
726,Doc Tops,14600000,2613197447,Entertainment,Doc Tops,490,Ecuador,EC,Entertainment,3458,1,150,16409000,4100,65600,49200,787600,100000,2014,Dec,29,44.9,17373662,3.97,11116711,-1.831239,-78.183406
737,Like Nastya Stories,14500000,6944967581,Entertainment,Like Nastya Stories,479,United States,US,Entertainment,848,156,151,29941000,7500,119800,89800,1400000,nan,2019,Sep,9,88.2,328239523,14.7,270663028,37.09024,-95.712891
738,les boys tv2,14500000,4577292740,Entertainment,les boys tv2,453,United States,US,Film,1565,156,39,449576,112,1800,1300,21600,nan,2017,Feb,7,88.2,328239523,14.7,270663028,37.09024,-95.712891
741,Reaction Time,14500000,4260187928,Entertainment,Reaction Time,1717,United States,US,Entertainment,1747,156,151,9910000,2500,39600,29700,475700,nan,2015,Apr,25,88.2,328239523,14.7,270663028,37.09024,-95.712891
746,Telemundo,14500000,8582696157,Entertainment,Telemundo,19201,United States,US,Entertainment,592,156,151,48285000,12100,193100,144900,2300000,nan,2007,Jan,3,88.2,328239523,14.7,270663028,37.09024,-95.712891
747,GMM25Thailand,14500000,9383692066,Entertainment,GMM25Thailand,68606,Thailand,TH,Entertainment,502,13,151,45622000,11400,182500,136900,2200000,100000,2011,Jun,8,49.3,69625582,0.75,35294600,15.870032,100.992541
753,ııııııııııııııııııııı,14400000,600154268,Entertainment,ııııııııııııııııııııı,364,South Korea,KR,Entertainment,21132,14,151,1370000,342,5500,4100,65700,300000,2017,Mar,8,94.3,51709098,4.15,42106719,35.907757,127.766922
755,Drawblogs,14400000,1629801448,Entertainment,Drawblogs,399,Peru,PE,Entertainment,6402,1,152,1002000,251,4000,3000,48100,nan,2014,May,20,70.7,32510453,3.31,25390339,-9.189967,-75.015152
757,ıııııııııııı ıııııııııııı I ıııııı ıı ıııııııııı,14400000,2972474215,Entertainment,ıııııııııııı ıııııııııııı I ıııııı ıı ııııııııı,381,Saudi Arabia,SA,Entertainment,2934,6,152,4673000,1200,18700,14000,224300,nan,2017,Dec,1,68,34268528,5.93,28807838,23.885942,45.079162
765,RS 1313 SHORTS,14400000,8011977288,Entertainment,RS 1313 SHORTS,5628,India,IN,Entertainment,647,108,152,212639000,53200,850600,637900,10200000,200000,2020,Oct,24,28.1,1366417754,5.36,471031528,20.593684,78.96288
768,ZEE5,14400000,18515587421,Entertainment,ZEE5,101401,India,IN,Entertainment,142,108,152,149799000,37400,599200,449400,7200000,100000,2018,Feb,13,28.1,1366417754,5.36,471031528,20.593684,78.96288
773,SIS vs BRO,14200000,6973932553,Entertainment,SiS,60,Ukraine,UA,Entertainment,3739171,2460,4686,105,0.03,0.42,0.32,5,10,2016,Aug,3,82.7,44385155,8.88,30835699,48.379433,31.16558
781,Zee Bangla,14200000,11428794827,Entertainment,Zee Bangla,132398,India,IN,Entertainment,352,109,153,59927000,15000,239700,179800,2900000,200000,2008,Feb,26,28.1,1366417754,5.36,471031528,20.593684,78.96288
782,DangMattSmith,14200000,3317805543,Entertainment,DangMattSmith,1724,United States,US,Entertainment,2485,159,154,12902000,3200,51600,38700,619300,nan,2011,Aug,18,88.2,328239523,14.7,270663028,37.09024,-95.712891
784,#Refugio Mental,14100000,3594936775,Entertainment,#Refugio Mental,846,nan,nan,Entertainment,2218,nan,155,6942000,1700,27800,20800,333200,nan,2013,Aug,10,nan,nan,nan,nan,nan,nan
785,ıııııııııııııııııııı ıııııııııııııııııııı,14100000,3920221322,Entertainment,ıııııııııııııııııııı ıııııııııııııııııııı,65,nan,nan,nan,3999155,nan,nan,20351,5,81,61,977,132,2017,Aug,4,nan,nan,nan,nan,nan,nan
788,Yudist Ardhana,14100000,6036496916,Entertainment,Yudist Ardhana,2854,Indonesia,ID,Entertainment,1029,27,154,176062000,44000,704200,528200,8500000,400000,2016,Jan,6,36.3,270203917,4.69,151509724,-0.789275,113.921327
792,Bie The Ska,14100000,4627069704,Entertainment,Bie The Ska,1540,Thailand,TH,Entertainment,1531,14,155,12502000,3100,50000,37500,600100,100000,2006,Oct,3,49.3,69625582,0.75,35294600,15.870032,100.992541
801,Zee Telugu,14000000,12597067132,Entertainment,zeetelugu,3,India,IN,Music,4039216,4651,4603,7,0,0.03,0.02,0.34,nan,2007,Jan,31,28.1,1366417754,5.36,471031528,20.593684,78.96288
802,Crescendo com Luluca,14000000,5094050461,Entertainment,Crescendo com Luluca,1307,Brazil,BR,People,1327,44,48,68058000,17000,272200,204200,3300000,100000,2015,Aug,30,51.3,212559417,12.08,183241641,-14.235004,-51.92528
804,karameeshchannel,13900000,9106781518,Entertainment,karameeshchannel,2254,Jordan,JO,Music,526,3,137,87639000,21900,350600,262900,4200000,100000,2012,Jan,18,34.4,10101694,14.72,9213048,30.585164,36.238414
807,T-Series Regional,13900000,5217553897,Entertainment,T-Series Regional,15075,India,IN,Music,1275,111,136,33484000,8400,133900,100500,1600000,100000,2011,Feb,14,28.1,1366417754,5.36,471031528,20.593684,78.96288
808,ADEL et SAMI,13900000,5465532801,Entertainment,ADEL et SAMI,503,United States,US,Entertainment,1200,161,157,26883000,6700,107500,80600,1300000,nan,2018,Mar,12,88.2,328239523,14.7,270663028,37.09024,-95.712891
814,Airrack,13800000,2224911030,Entertainment,Airrack,173,United States,US,Entertainment,4285,161,157,99654000,24900,398600,299000,4800000,300000,2015,Jan,3,88.2,328239523,14.7,270663028,37.09024,-95.712891
823,Goldmines Premiere,13700000,1973638757,Entertainment,Goldmines Premiere,975,India,IN,Film,5047,113,41,37648000,9400,150600,112900,1800000,100000,2013,Oct,12,28.1,1366417754,5.36,471031528,20.593684,78.96288
824,MAIKI021,13700000,1950178163,Entertainment,MAIKI021,3298,Brazil,BR,Entertainment,5135,47,159,7438000,1900,29800,22300,357000,nan,2008,Jan,22,51.3,212559417,12.08,183241641,-14.235004,-51.92528
838,Saturday Night Live,13600000,14717282742,Entertainment,Saturday Night Live,8335,United States,US,Comedy,232,164,37,56626000,14200,226500,169900,2700000,nan,2013,Jul,23,88.2,328239523,14.7,270663028,37.09024,-95.712891
842,JULIA GISELLA,13500000,5380132790,Entertainment,Julia Gisella,19,United Kingdom,GB,Music,3767960,2492,3189,1615,0.4,6,5,78,130,2015,Mar,24,60,66834405,3.85,55908316,55.378051,-3.435973
844,Lady Diana,13500000,8265920659,Entertainment,Lady Diana,1403,Ukraine,UA,People,620,4,52,75162000,18800,300600,225500,3600000,100000,2016,Mar,21,82.7,44385155,8.88,30835699,48.379433,31.16558
845,Sanjoy Das Official,13500000,3912334359,Entertainment,Sanjoy Das Official,1793,India,IN,Games,1954,114,60,179232000,44800,716900,537700,8600000,400000,2015,Apr,29,28.1,1366417754,5.36,471031528,20.593684,78.96288
847,Vijay Kumar Viner Vlogs,13500000,7958771872,Entertainment,Vijay Kumar Viner Vlogs,1357,India,IN,Entertainment,663,116,162,109813000,27500,439300,329400,5300000,300000,2019,Mar,22,28.1,1366417754,5.36,471031528,20.593684,78.96288
854,Blockbuster Movies,13400000,2650061211,Entertainment,Blockbuster Movies,0,India,IN,nan,4057944,5589,nan,nan,0,0,0,0,nan,2017,Jul,4,28.1,1366417754,5.36,471031528,20.593684,78.96288
863,Matt Steffanina,13300000,3299216601,Entertainment,Matt Steffanina,331,United States,US,Entertainment,14275,692,694,1929000,482,7700,5800,92600,nan,2007,Nov,28,88.2,328239523,14.7,270663028,37.09024,-95.712891
865,Kurt Hugo Schneider,13300000,3733856870,Entertainment,Kurt Hugo Schneider,698,United States,US,Entertainment,2110,167,163,4233000,1100,16900,12700,203200,nan,2007,Oct,16,88.2,328239523,14.7,270663028,37.09024,-95.712891
866,Vogue,13300000,4177184071,Entertainment,Vogue,3166,United States,US,People,1789,167,54,45095000,11300,180400,135300,2200000,100000,2008,Jun,29,88.2,328239523,14.7,270663028,37.09024,-95.712891
869,VexTrex,13300000,7923901253,Entertainment,VexTrex,2411,Ukraine,UA,Entertainment,669,5,163,379346000,0,0,0,0,nan,2014,Sep,8,82.7,44385155,8.88,30835699,48.379433,31.16558
875,HUBAï¿½ï¿½,13200000,9884886099,Entertainment,HUBAï¿½ï¿½,538,United States,US,Entertainment,454,167,163,319647000,79900,1300000,958900,15300000,500000,2021,Feb,20,88.2,328239523,14.7,270663028,37.09024,-95.712891
876,BIBO ï¿½ï¿½ï¿½ï¿½ï¿½ï¿,13200000,1148422000,Entertainment,BIBO ï¿½ï¿½ï¿½ï¿½ï¿½ï¿,192,Russia,RU,Entertainment,9855,13,163,8769000,2200,35100,26300,420900,200000,2019,Jan,10,81.9,144373535,4.59,107683889,61.52401,105.318756
878,Ei Nerd,13200000,3568392223,Entertainment,Einerd,0,nan,nan,Games,4057944,nan,7399,nan,0,0,0,0,nan,2007,Nov,19,nan,nan,nan,nan,nan,nan
879,Sonotek Bhakti,13200000,3789736218,Entertainment,Sonotek Bhakti,8019,India,IN,Music,2063,118,142,25321000,6300,101300,76000,1200000,nan,2010,Dec,27,28.1,1366417754,5.36,471031528,20.593684,78.96288
881,MC Divertida,13200000,5224764969,Entertainment,MC Divertida,413,Brazil,BR,Entertainment,1269,49,164,64517000,16100,258100,193600,3100000,100000,2018,Jan,17,51.3,212559417,12.08,183241641,-14.235004,-51.92528
887,Ryan Trahan,13100000,2182651464,Entertainment,Ryan Trahan,33,United States,US,People,4051001,7683,7670,248,0.06,0.99,0.74,12,1,2022,Jun,27,88.2,328239523,14.7,270663028,37.09024,-95.712891
890,Ian Boggs,13100000,9110348202,Entertainment,Ian Boggs,1327,nan,nan,Entertainment,520,nan,163,329312000,82300,1300000,987900,15800000,700000,2010,Mar,25,nan,nan,nan,nan,nan,nan
898,RedeTV,13100000,5333569294,Entertainment,RedeTV,36760,Brazil,BR,Entertainment,1240,50,165,17588000,4400,70400,52800,844200,nan,2011,Oct,18,51.3,212559417,12.08,183241641,-14.235004,-51.92528
901,Davie504,13000000,2683297849,Entertainment,Davie504,838,Italy,IT,Entertainment,3340,2,166,29870000,7500,119500,89600,1400000,100000,2011,May,18,61.9,60297396,9.89,42651966,41.87194,12.56738
903,Calon Sarjana,13000000,10664585,Entertainment,Calon Sarjana,29,Indonesia,ID,Entertainment,772571,31,166,2292000000,0,0,0,0,300000,2016,Jan,20,36.3,270203917,4.69,151509724,-0.789275,113.921327
905,Jomy Production,13000000,5057163256,Entertainment,SRK Edie soon,8,India,IN,nan,3686280,5227,nan,2,0,0.01,0.01,0.1,nan,2021,Mar,18,28.1,1366417754,5.36,471031528,20.593684,78.96288
907,JesseAndMike,13000000,9999238237,Entertainment,JesseAndMike,716,United States,US,Entertainment,440,170,166,41109000,10300,164400,123300,2000000,nan,2007,Apr,29,88.2,328239523,14.7,270663028,37.09024,-95.712891
909,Susy Mouriz,13000000,6270909026,Entertainment,Susy Mouriz,1299,Mexico,MX,Entertainment,969,31,165,368437000,92100,1500000,1100000,17700000,600000,2017,Mar,18,40.2,126014024,3.42,102626859,23.634501,-102.552784
913,Matheus Yurley,12900000,140022442,Entertainment,Matheus Yurley,69,Brazil,BR,Entertainment,93531,52,167,147626,37,591,443,7100,nan,2015,Jan,27,51.3,212559417,12.08,183241641,-14.235004,-51.92528
915,BIBOï¿½ï¿½ï¿½ï¿½ï,12900000,3178222797,Entertainment,BIBOï¿½ï¿½ï¿½ï¿½ï,193,South Korea,KR,Entertainment,2649,16,167,4001000,1000,16000,12000,192100,nan,2016,Aug,8,94.3,51709098,4.15,42106719,35.907757,127.766922
916,Top Viral Talent,12900000,3643698504,Entertainment,Top Viral Talent,1598,United States,US,Entertainment,2177,171,167,29379000,7300,117500,88100,1400000,100000,2014,Jan,2,88.2,328239523,14.7,270663028,37.09024,-95.712891
923,Talking Angela,12800000,3632438963,Entertainment,Talking Angela,233,United Kingdom,GB,Film,2184,31,45,27957000,7000,111800,83900,1300000,nan,2014,Sep,2,60,66834405,3.85,55908316,55.378051,-3.435973
927,MrSuicideSheep,12800000,6970899521,Entertainment,MrSuicideSheep,3483,Canada,CA,Entertainment,842,13,168,18118000,4500,72500,54400,869600,nan,2010,Apr,9,68.9,36991981,5.56,30628482,56.130366,-106.346771
932,Ian Lucas,12700000,1450874545,Entertainment,Ian Lucas,50,nan,nan,Entertainment,4052208,nan,6682,48,0,0,0,0,8,2016,Apr,16,nan,nan,nan,nan,nan,nan
938,YoungBoy Never Broke Again,12700000,13174393401,Entertainment,YoungBoy Never Broke Again,142,United States,US,Music,279,173,147,169968000,42500,679900,509900,8200000,100000,2015,Jan,4,88.2,328239523,14.7,270663028,37.09024,-95.712891
940,#Refï¿½ï¿½ï¿½ï¿½,12700000,2709954270,Entertainment,#Refugio Mental,846,nan,nan,Entertainment,2218,nan,155,6942000,1700,27800,20800,333200,nan,2013,Aug,10,nan,nan,nan,nan,nan,nan
949,colinfurze,12500000,1612094871,Entertainment,colinfurze,385,United Kingdom,GB,Entertainment,6487,33,171,8482000,2100,33900,25400,407200,nan,2006,Nov,15,60,66834405,3.85,55908316,55.378051,-3.435973
950,People Vs Food,12500000,1136534702,Entertainment,People Vs Food,601,United States,US,Entertainment,9980,175,171,15340000,3800,61400,46000,736300,nan,2013,Jul,30,88.2,328239523,14.7,270663028,37.09024,-95.712891
960,Parafernalha,12500000,4625777945,Entertainment,Parafernalha,1888,Brazil,BR,Entertainment,1532,54,171,7158000,1800,28600,21500,343600,nan,2011,May,13,51.3,212559417,12.08,183241641,-14.235004,-51.92528
961,NDTV,12500000,4935793409,Entertainment,NDTV,151136,India,IN,News,1395,123,24,58527000,14600,234100,175600,2800000,100000,2006,May,8,28.1,1366417754,5.36,471031528,20.593684,78.96288
963,Family Fitness,12500000,10384848759,Entertainment,Family Fitness,1699,India,IN,Entertainment,413,123,171,235715000,58900,942900,707100,11300000,400000,2017,Jan,18,28.1,1366417754,5.36,471031528,20.593684,78.96288
964,Zee Tamil,12500000,11552190002,Entertainment,Zee Tamil,102699,India,IN,Entertainment,342,123,171,349940000,87500,1400000,1000000,16800000,200000,2008,Aug,26,28.1,1366417754,5.36,471031528,20.593684,78.96288
965,Flowers Comedy,12500000,11691081301,Entertainment,Flowers Comedy,11907,India,IN,Entertainment,337,122,170,180021000,45000,720100,540100,8600000,100000,2015,Aug,19,28.1,1366417754,5.36,471031528,20.593684,78.96288
977,SAAIHALILINTAR,12400000,1113066203,Entertainment,SAAIHALILINTAR,409,Indonesia,ID,Entertainment,10271,34,172,806075,202,3200,2400,38700,nan,2012,Apr,28,36.3,270203917,4.69,151509724,-0.789275,113.921327
979,Heidi and Zidane HZHtube,12400000,4021409291,Entertainment,Heidi and Zidane HZHtube,813,Canada,CA,Entertainment,1900,14,172,9595000,2400,38400,28800,460600,nan,2015,Nov,24,68.9,36991981,5.56,30628482,56.130366,-106.346771
