8,PewDiePie,111000000,29058044447,Gaming,PewDiePie,4716,Japan,JP,Entertainment,44,1,4,39184000,9800,156700,117600,1900000,nan,2010,Apr,29,63.2,126226568,2.29,115782416,36.204824,138.252924
45,JuegaGerman,48100000,14631710289,Gaming,JuegaGerman,2052,Chile,CL,Games,237,1,2,66388000,16600,265600,199200,3200000,200000,2013,May,19,88.5,18952038,7.09,16610135,-35.675147,-71.542969
51,A4,46300000,22936630813,Gaming,aefour,1,Cuba,CU,People,4053056,99,5359,94,0.02,0.38,0.28,5,10,2006,Mar,11,41.4,11333483,1.64,8739135,21.521757,-77.781167
53,Fernanfloo,46100000,10323391593,Gaming,Fernanfloo,543,El
75,elrubiusOMG,40400000,7410536668,Gaming,elrubiusOMG,703,nan,nan,Entertainment,756,nan,21,5773000,1400,23100,17300,277100,nan,2011,Dec,20,nan,nan,nan,nan,nan,nan
82,Mikecrack,39100000,16118181673,Gaming,Mikecrack,1876,Spain,ES,Games,188,1,4,264108000,66000,1100000,792300,12700000,800000,2015,Jul,13,88.9,47076781,13.96,37927409,40.463667,-3.74922
111,Markiplier,35200000,20297931219,Gaming,Markiplier,5490,United
120,VEGETTA777,33800000,15432929204,Gaming,VEGETTA777,7606,Spain,ES,Games,211,2,10,39094000,9800,156400,117300,1900000,nan,2008,Mar,2,88.9,47076781,13.96,37927409,40.463667,-3.74922
122,SSSniperWolf,33700000,23492684419,Gaming,SSSniperWolf,3366,United
139,rezendeevil,32100000,13061739758,Gaming,rezendeevil,11882,Brazil,BR,Entertainment,287,9,40,44505000,11100,178000,133500,2100000,nan,2012,Feb,12,51.3,212559417,12.08,183241641,-14.235004,-51.92528
147,Dream,31700000,2930015381,Gaming,Dream,116,United
159,AboFlah,30500000,4521573939,Gaming,AboFlah,641,Kuwait,KW,Entertainment,1573,1,7,157908000,39500,631600,473700,7600000,1300000,2016,Jul,28,54.4,4207083,2.18,4207083,29.31166,47.481766
170,jacksepticeye,30100000,16246625836,Gaming,jacksepticeye,5114,nan,nan,Games,183,2,14,40425000,10100,161700,121300,1900000,100000,2007,Feb,24,nan,nan,nan,nan,nan,nan
198,DanTDM,27400000,19417887510,Gaming,DanTDM,3664,United
223,VanossGaming,25800000,15541421838,Gaming,VanossGaming,1762,Canada,CA,Games,206,5,17,54947000,13700,219800,164800,2600000,nan,2011,Sep,15,68.9,36991981,5.56,30628482,56.130366,-106.346771
266,Preston,24000000,8279004442,Gaming,Preston,4009,United
273,Ninja,23700000,2543809954,Gaming,Ninja,1732,United
282,Jelly,23500000,14777034543,Gaming,Jelly,6066,United
314,SSundee,22500000,13835173331,Gaming,SSundee,3315,United
317,FGTeeV,22300000,24059336857,Gaming,FGTeeV,1724,United
340,invictor,21500000,8409641722,Gaming,INVICTOR,17,Chile,CL,People,4038708,2889,7518,49,0.01,0.2,0.15,2,4,2016,Jul,26,88.5,18952038,7.09,16610135,-35.675147,-71.542969
374,LazarBeam,20500000,8768697257,Gaming,LazarBeam,1323,Australia,AU,Games,565,3,25,26082000,6500,104300,78200,1300000,nan,2015,Jan,4,113.1,25766605,5.27,21844756,-25.274398,133.775136
391,MiawAug,20200000,6098644584,Gaming,MiawAug,3713,Indonesia,ID,Games,1023,11,27,64489000,16100,258000,193500,3100000,200000,2014,Mar,15,36.3,270203917,4.69,151509724,-0.789275,113.921327
394,AuthenticGames,20100000,8920141342,Gaming,AuthenticGames,4974,Brazil,BR,Games,549,20,28,5420000,1400,21700,16300,260200,nan,2011,Oct,7,51.3,212559417,12.08,183241641,-14.235004,-51.92528
451,Ali-A,18700000,6148303268,Gaming,ali-a,2,nan,nan,People,4053443,nan,7729,1,0,0,0,0.05,nan,2016,Jul,7,nan,nan,nan,nan,nan,nan
457,Marmok,18500000,3457618361,Gaming,Marmok,374,Russia,RU,Games,2356,5,32,38282000,9600,153100,114800,1800000,100000,2008,Apr,27,81.9,144373535,4.59,107683889,61.52401,105.318756
468,IShowSpeed,18300000,1556003039,Gaming,IShowSpeed,1324,United
474,SQUEEZIE,18100000,9983065083,Gaming,SQUEEZIE,1521,France,FR,Entertainment,443,1,119,48099000,12000,192400,144300,2300000,100000,2011,Jan,9,65.6,67059887,8.43,54123364,46.227638,2.213749
483,TheGrefg,18000000,6404852037,Gaming,TheGrefg,3566,Spain,ES,Games,950,8,34,43830000,11000,175300,131500,2100000,nan,2012,Jan,30,88.9,47076781,13.96,37927409,40.463667,-3.74922
510,DeGoBooM,17600000,6306204566,Gaming,DeGoBooM,4702,Chile,CL,Games,973,3,36,100215000,25100,400900,300600,4800000,500000,2014,Feb,1,88.5,18952038,7.09,16610135,-35.675147,-71.542969
515,IGN,17500000,16107116549,Gaming,IGN,156215,United
516,Aphmau,17400000,17763586483,Gaming,Aphmau,4411,United
524,PopularMMOs,17200000,14573155899,Gaming,PopularMMOs,4685,nan,nan,Games,240,nan,38,15296000,3800,61200,45900,734200,100000,2012,Apr,17,nan,nan,nan,nan,nan,nan
529,Willyrex,17200000,5024088947,Gaming,Willyrex,7550,Spain,ES,Games,1359,9,38,15405000,3900,61600,46200,739500,nan,2009,Aug,9,88.9,47076781,13.96,37927409,40.463667,-3.74922
550,CoryxKenshin,16700000,7102965621,Gaming,CoryxKenshin,1693,United
580,Technoblade,16300000,1656452554,Gaming,Technoblade,989,United
581,W2S,16300000,4768370464,Gaming,W2S,652,United
604,Antrax,16000000,3029872908,Gaming,Antrax,687,Mexico,MX,Games,2844,23,42,4698000,1200,18800,14100,225500,nan,2015,May,25,40.2,126014024,3.42,102626859,23.634501,-102.552784
610,Lyna,15900000,6534326412,Gaming,Lyna,4906,Argentina,AR,Games,919,12,43,64085000,16000,256300,192300,3100000,200000,2014,Sep,8,90,44938712,9.79,41339571,-38.416097,-63.616672
612,Unspeakable,15900000,9052367553,Gaming,Unspeakable,796,United
640,FFUNTV,15400000,11513738907,Gaming,FFUNTV,379,United
668,Makiman131,15100000,4236036141,Gaming,Makiman131,2997,Spain,ES,Entertainment,1760,12,145,5972000,1500,23900,17900,286600,nan,2013,Feb,12,88.9,47076781,13.96,37927409,40.463667,-3.74922
671,EdisonPts,15100000,6668507856,Gaming,EdisonPts,3733,Russia,RU,Games,894,10,47,95603000,23900,382400,286800,4600000,100000,2013,Jun,24,81.9,144373535,4.59,107683889,61.52401,105.318756
677,MoreAliA,15000000,4352427049,Gaming,MoreAliA,2324,United
683,PlayStation,15000000,4741434420,Gaming,PlayStation,20292,United
684,Kwebbelkop,15000000,6889304306,Gaming,Kwebbelkop,5198,United
688,BigSchool,15000000,9996133066,Gaming,Big
702,TazerCraft,14900000,5956193599,Gaming,TazerCraft,4175,Brazil,BR,Games,1066,37,49,39775000,9900,159100,119300,1900000,100000,2011,Jul,13,51.3,212559417,12.08,183241641,-14.235004,-51.92528
707,Lachlan,14800000,5269059435,Gaming,Lachlan,3834,Australia,AU,Games,1253,7,50,21072000,5300,84300,63200,1000000,nan,2013,Mar,19,113.1,25766605,5.27,21844756,-25.274398,133.775136
728,Jesser,14600000,3603556207,Gaming,Jesser,1244,United
730,PrestonPlayz,14600000,5766647017,Gaming,Preston,4009,United
756,NOBRU,14400000,351763324,Gaming,nobru,2,nan,nan,People,4057274,nan,7596,2,0,0.01,0.01,0.1,1,2006,Feb,3,nan,nan,nan,nan,nan,nan
775,TommyInnit,14200000,2084791147,Gaming,TommyInnit,342,United
776,E-MasterSensei,14200000,3920559552,Gaming,E-MasterSensei,1300,Mexico,MX,Games,1971,28,54,44575000,11100,178300,133700,2100000,200000,2016,Jan,13,40.2,126014024,3.42,102626859,23.634501,-102.552784
793,AM3NlC,14000000,4959982720,Gaming,AM3NlC,5757,Brazil,BR,People,1392,45,49,10210000,2600,40800,30600,490100,nan,2012,Dec,15,51.3,212559417,12.08,183241641,-14.235004,-51.92528
796,ýýýýýýýýýýýý,14000000,7719743112,Gaming,ýýýýýýýýýýýý,2210,Russia,RU,Games,703,12,56,150570000,37600,602300,451700,7200000,200000,2013,Oct,26,81.9,144373535,4.59,107683889,61.52401,105.318756
803,Jazzghost,13900000,5673347763,Gaming,Jazzghost,5494,Brazil,BR,Games,1140,46,57,106718000,26700,426900,320200,5100000,100000,2012,Aug,30,51.3,212559417,12.08,183241641,-14.235004,-51.92528
817,ýýýýýýýý/Atro,13800000,2480957682,Gaming,ýýýýýýýý/Atro,1952,Netherlands,NL,Games,3690,4,58,55122000,13800,220500,165400,2600000,200000,2017,Jul,2,85,17332850,3.2,15924729,52.132633,5.291266
832,Acenix,13600000,2122062016,Gaming,Acenix,368,Spain,ES,Games,4572,16,60,47436000,11900,189700,142300,2300000,200000,2014,Jan,2,88.9,47076781,13.96,37927409,40.463667,-3.74922
857,H2ODelirious,13400000,4356686216,Gaming,H2ODelirious,3727,United
862,theRadBrad,13300000,6050102764,Gaming,theRadBrad,8195,United
870,penguinz0,13300000,7773543609,Gaming,penguinz0,4613,United
873,BanderitaX,13300000,4129249415,Gaming,BanderitaX,1640,Saudi
874,AzzyLand,13300000,6412313570,Gaming,AzzyLand,1749,Canada,CA,Entertainment,949,12,163,5387000,1300,21500,16200,258600,100000,2015,May,8,68.9,36991981,5.56,30628482,56.130366,-106.346771
906,GH'S,13000000,8739174649,Gaming,GH'S,510,South
941,Piuzinho,12700000,1081285962,Gaming,Piuzinho,504,Brazil,BR,Games,10642,53,67,3619000,905,14500,10900,173700,nan,2015,May,13,51.3,212559417,12.08,183241641,-14.235004,-51.92528
944,Morgz,12600000,3303595310,Gaming,Morgz,825,United
954,Yair17,12500000,1402042328,Gaming,Yair17,1109,Mexico,MX,Games,7741,33,68,8869000,2200,35500,26600,425700,nan,2014,Jan,22,40.2,126014024,3.42,102626859,23.634501,-102.552784
974,LOUD,12400000,2394143260,Gaming,WatchLOUD,690,United
994,RobTopGames,12300000,374123483,Gaming,RobTopGames,39,Sweden,SE,Games,35112,4,69,3871000,968,15500,11600,185800,100000,2012,May,9,67,10285453,6.48,9021165,60.128161,18.643501
8,PewDiePie,111000000,29058044447,Gaming,PewDiePie,4716,Japan,JP,Entertainment,44,1,4,39184000,9800,156700,117600,1900000,nan,2010,Apr,29,63.2,126226568,2.29,115782416,36.204824,138.252924
45,JuegaGerman,48100000,14631710289,Gaming,JuegaGerman,2052,Chile,CL,Games,237,1,2,66388000,16600,265600,199200,3200000,200000,2013,May,19,88.5,18952038,7.09,16610135,-35.675147,-71.542969
51,A4,46300000,22936630813,Gaming,aefour,1,Cuba,CU,People,4053056,99,5359,94,0.02,0.38,0.28,5,10,2006,Mar,11,41.4,11333483,1.64,8739135,21.521757,-77.781167
53,Fernanfloo,46100000,10323391593,Gaming,Fernanfloo,543,El Salvador,SV,Games,419,1,3,33842000,8500,135400,101500,1600000,200000,2011,May,2,29.4,6453553,4.11,4694702,13.794185,-88.89653
75,elrubiusOMG,40400000,7410536668,Gaming,elrubiusOMG,703,nan,nan,Entertainment,756,nan,21,5773000,1400,23100,17300,277100,nan,2011,Dec,20,nan,nan,nan,nan,nan,nan
82,Mikecrack,39100000,16118181673,Gaming,Mikecrack,1876,Spain,ES,Games,188,1,4,264108000,66000,1100000,792300,12700000,800000,2015,Jul,13,88.9,47076781,13.96,37927409,40.463667,-3.74922
105,MrBeast Gaming,36100000,6331332547,Gaming,MrBeastGaming,5,nan,nan,Comedy,4057305,nan,4880,32,0.01,0.13,0.1,2,1,2011,Feb,26,nan,nan,nan,nan,nan,nan
110,Total Gaming,35400000,5556364230,Gaming,totalgaming,1,nan,nan,Autos,4056447,nan,3902,53,0.01,0.21,0.16,3,2,2006,Jul,15,nan,nan,nan,nan,nan,nan
111,Markiplier,35200000,20297931219,Gaming,Markiplier,5490,United States,US,Games,119,34,8,127329000,31800,509300,382000,6100000,100000,2012,May,26,88.2,328239523,14.7,270663028,37.09024,-95.712891
115,Techno Gamerz,34400000,9690499664,Gaming,TechnoGamerz,1,nan,nan,Games,4057311,nan,7489,86,0.02,0.34,0.26,4,3,2010,May,19,nan,nan,nan,nan,nan,nan
120,VEGETTA777,33800000,15432929204,Gaming,VEGETTA777,7606,Spain,ES,Games,211,2,10,39094000,9800,156400,117300,1900000,nan,2008,Mar,2,88.9,47076781,13.96,37927409,40.463667,-3.74922
122,SSSniperWolf,33700000,23492684419,Gaming,SSSniperWolf,3366,United States,US,Entertainment,83,37,35,210955000,52700,843800,632900,10100000,200000,2013,Jan,20,88.2,328239523,14.7,270663028,37.09024,-95.712891
139,rezendeevil,32100000,13061739758,Gaming,rezendeevil,11882,Brazil,BR,Entertainment,287,9,40,44505000,11100,178000,133500,2100000,nan,2012,Feb,12,51.3,212559417,12.08,183241641,-14.235004,-51.92528
147,Dream,31700000,2930015381,Gaming,Dream,116,United States,US,Games,2986,41,12,27022000,6800,108100,81100,1300000,200000,2014,Feb,8,88.2,328239523,14.7,270663028,37.09024,-95.712891
159,AboFlah,30500000,4521573939,Gaming,AboFlah,641,Kuwait,KW,Entertainment,1573,1,7,157908000,39500,631600,473700,7600000,1300000,2016,Jul,28,54.4,4207083,2.18,4207083,29.31166,47.481766
167,Frost Diamond,30100000,7277493940,Gaming,frostdiamond,0,nan,nan,nan,4057944,nan,nan,nan,0,0,0,0,6,2006,Aug,10,nan,nan,nan,nan,nan,nan
170,jacksepticeye,30100000,16246625836,Gaming,jacksepticeye,5114,nan,nan,Games,183,2,14,40425000,10100,161700,121300,1900000,100000,2007,Feb,24,nan,nan,nan,nan,nan,nan
198,DanTDM,27400000,19417887510,Gaming,DanTDM,3664,United Kingdom,GB,Games,132,7,16,78668000,19700,314700,236000,3800000,500000,2012,Jul,14,60,66834405,3.85,55908316,55.378051,-3.435973
223,VanossGaming,25800000,15541421838,Gaming,VanossGaming,1762,Canada,CA,Games,206,5,17,54947000,13700,219800,164800,2600000,nan,2011,Sep,15,68.9,36991981,5.56,30628482,56.130366,-106.346771
266,Preston,24000000,8279004442,Gaming,Preston,4009,United States,US,Entertainment,621,78,72,151697000,37900,606800,455100,7300000,200000,2012,Jul,4,88.2,328239523,14.7,270663028,37.09024,-95.712891
273,Ninja,23700000,2543809954,Gaming,Ninja,1732,United States,US,Games,3590,81,19,8368000,2100,33500,25100,401700,nan,2011,Nov,11,88.2,328239523,14.7,270663028,37.09024,-95.712891
274,FaZe Rug,23700000,7451792132,Gaming,FaZeRug,0,Canada,CA,Games,4057944,3885,7268,nan,0,0,0,0,1,2012,Nov,30,68.9,36991981,5.56,30628482,56.130366,-106.346771
282,Jelly,23500000,14777034543,Gaming,Jelly,6066,United Kingdom,GB,Games,229,13,20,41669000,10400,166700,125000,2000000,nan,2014,May,27,60,66834405,3.85,55908316,55.378051,-3.435973
314,SSundee,22500000,13835173331,Gaming,SSundee,3315,United States,US,Games,261,90,21,175094000,43800,700400,525300,8400000,200000,2009,Nov,28,88.2,328239523,14.7,270663028,37.09024,-95.712891
317,FGTeeV,22300000,24059336857,Gaming,FGTeeV,1724,United States,US,Games,77,91,22,132110000,33000,528400,396300,6300000,100000,2013,May,24,88.2,328239523,14.7,270663028,37.09024,-95.712891
340,invictor,21500000,8409641722,Gaming,INVICTOR,17,Chile,CL,People,4038708,2889,7518,49,0.01,0.2,0.15,2,4,2016,Jul,26,88.5,18952038,7.09,16610135,-35.675147,-71.542969
374,LazarBeam,20500000,8768697257,Gaming,LazarBeam,1323,Australia,AU,Games,565,3,25,26082000,6500,104300,78200,1300000,nan,2015,Jan,4,113.1,25766605,5.27,21844756,-25.274398,133.775136
391,MiawAug,20200000,6098644584,Gaming,MiawAug,3713,Indonesia,ID,Games,1023,11,27,64489000,16100,258000,193500,3100000,200000,2014,Mar,15,36.3,270203917,4.69,151509724,-0.789275,113.921327
394,AuthenticGames,20100000,8920141342,Gaming,AuthenticGames,4974,Brazil,BR,Games,549,20,28,5420000,1400,21700,16300,260200,nan,2011,Oct,7,51.3,212559417,12.08,183241641,-14.235004,-51.92528
415,AS Gaming,19600000,2851024430,Gaming,ASGaming,17,United States,US,Games,3857915,7711,7464,23,0.01,0.09,0.07,1,nan,2009,Mar,5,88.2,328239523,14.7,270663028,37.09024,-95.712891
419,Clash of Clans,19600000,3961318438,Gaming,Clash of Clans,674,United States,US,Games,1934,113,30,22292000,5600,89200,66900,1100000,nan,2013,Jan,31,88.2,328239523,14.7,270663028,37.09024,-95.712891
451,Ali-A,18700000,6148303268,Gaming,ali-a,2,nan,nan,People,4053443,nan,7729,1,0,0,0,0.05,nan,2016,Jul,7,nan,nan,nan,nan,nan,nan
455,ýýýýýýýý ýýýýýýýýýý ýýýýýýýýýý | Arab Games Network,18600000,8761255550,Gaming,ýýýýýýýý ýýýýýýýýýý ýýýýýýýýýý | Arab Games ýýý,6289,Saudi Arabia,SA,Games,566,3,31,43007000,10800,172000,129000,2100000,500000,2013,Nov,29,68,34268528,5.93,28807838,23.885942,45.079162
457,Marmok,18500000,3457618361,Gaming,Marmok,374,Russia,RU,Games,2356,5,32,38282000,9600,153100,114800,1800000,100000,2008,Apr,27,81.9,144373535,4.59,107683889,61.52401,105.318756
468,IShowSpeed,18300000,1556003039,Gaming,IShowSpeed,1324,United States,US,Games,6734,120,33,140261000,35100,561000,420800,6700000,800000,2016,Mar,21,88.2,328239523,14.7,270663028,37.09024,-95.712891
474,SQUEEZIE,18100000,9983065083,Gaming,SQUEEZIE,1521,France,FR,Entertainment,443,1,119,48099000,12000,192400,144300,2300000,100000,2011,Jan,9,65.6,67059887,8.43,54123364,46.227638,2.213749
483,TheGrefg,18000000,6404852037,Gaming,TheGrefg,3566,Spain,ES,Games,950,8,34,43830000,11000,175300,131500,2100000,nan,2012,Jan,30,88.9,47076781,13.96,37927409,40.463667,-3.74922
506,zbing z.,17600000,9269174070,Gaming,zbing z.,3151,Thailand,TH,Games,511,7,36,55127000,13800,220500,165400,2600000,nan,2014,Mar,12,49.3,69625582,0.75,35294600,15.870032,100.992541
509,The Game Theorists,17600000,3752347262,Gaming,TheGameTheorists,0,Australia,AU,nan,3612215,6095,nan,nan,0,0,0,0,nan,nan,nan,nan,113.1,25766605,5.27,21844756,-25.274398,133.775136
510,DeGoBooM,17600000,6306204566,Gaming,DeGoBooM,4702,Chile,CL,Games,973,3,36,100215000,25100,400900,300600,4800000,500000,2014,Feb,1,88.5,18952038,7.09,16610135,-35.675147,-71.542969
515,IGN,17500000,16107116549,Gaming,IGN,156215,United States,US,Games,189,129,37,98342000,24600,393400,295000,4700000,nan,2006,Sep,19,88.2,328239523,14.7,270663028,37.09024,-95.712891
516,Aphmau,17400000,17763586483,Gaming,Aphmau,4411,United States,US,Games,152,129,37,439870000,110000,1800000,1300000,21100000,400000,2012,Aug,13,88.2,328239523,14.7,270663028,37.09024,-95.712891
524,PopularMMOs,17200000,14573155899,Gaming,PopularMMOs,4685,nan,nan,Games,240,nan,38,15296000,3800,61200,45900,734200,100000,2012,Apr,17,nan,nan,nan,nan,nan,nan
529,Willyrex,17200000,5024088947,Gaming,Willyrex,7550,Spain,ES,Games,1359,9,38,15405000,3900,61600,46200,739500,nan,2009,Aug,9,88.9,47076781,13.96,37927409,40.463667,-3.74922
538,Guava Juice,16900000,9111000228,Gaming,Guava Juice,1910,United States,US,Entertainment,527,134,129,10889000,2700,43600,32700,522600,nan,2006,Jul,18,88.2,328239523,14.7,270663028,37.09024,-95.712891
550,CoryxKenshin,16700000,7102965621,Gaming,CoryxKenshin,1693,United States,US,Games,814,135,39,105114000,26300,420500,315300,5000000,200000,2009,Apr,27,88.2,328239523,14.7,270663028,37.09024,-95.712891
580,Technoblade,16300000,1656452554,Gaming,Technoblade,989,United States,US,Games,6274,138,40,17944000,4500,71800,53800,861300,200000,2013,Oct,28,88.2,328239523,14.7,270663028,37.09024,-95.712891
581,W2S,16300000,4768370464,Gaming,W2S,652,United Kingdom,GB,Entertainment,1455,22,135,3079000,770,12300,9200,147800,nan,2012,Jul,26,60,66834405,3.85,55908316,55.378051,-3.435973
585,JJ Olatunji,16200000,4076692623,Gaming,JJ Olatunji,1294,United Kingdom,GB,Entertainment,1856,23,136,27808000,7000,111200,83400,1300000,100000,2011,Jan,26,60,66834405,3.85,55908316,55.378051,-3.435973
604,Antrax,16000000,3029872908,Gaming,Antrax,687,Mexico,MX,Games,2844,23,42,4698000,1200,18800,14100,225500,nan,2015,May,25,40.2,126014024,3.42,102626859,23.634501,-102.552784
605,Enes Batur,16000000,9786595271,Gaming,enesbatur,0,nan,nan,Games,4057944,nan,7360,nan,0,0,0,0,11,2007,Mar,4,nan,nan,nan,nan,nan,nan
610,Lyna,15900000,6534326412,Gaming,Lyna,4906,Argentina,AR,Games,919,12,43,64085000,16000,256300,192300,3100000,200000,2014,Sep,8,90,44938712,9.79,41339571,-38.416097,-63.616672
612,Unspeakable,15900000,9052367553,Gaming,Unspeakable,796,United States,US,People,530,142,40,164895000,41200,659600,494700,7900000,200000,2016,May,1,88.2,328239523,14.7,270663028,37.09024,-95.712891
625,Kuplinov ï¿½ï¿½ï¿,15600000,6862529416,Gaming,Kuplinov ï¿½ï¿½ï¿,6623,nan,nan,Games,863,nan,44,98660000,24700,394600,296000,4700000,200000,2012,Dec,23,nan,nan,nan,nan,nan,nan
640,FFUNTV,15400000,11513738907,Gaming,FFUNTV,379,United Arab Emirates,AE,Entertainment,349,6,141,80172000,20000,320700,240500,3800000,200000,2018,Jul,18,36.8,9770529,2.35,8479744,23.424076,53.847818
641,Mobile Legends: Bang Bang,15400000,1543608082,Gaming,Mobile Legends: Bang Bang,1647,United States,US,Games,6793,147,45,55369000,13800,221500,166100,2700000,100000,2016,Jul,14,88.2,328239523,14.7,270663028,37.09024,-95.712891
649,LOKESH GAMER,15300000,1640078055,Gaming,LOKESH GAMER,1397,India,IN,Games,6356,101,46,5920000,1500,23700,17800,284200,nan,2017,Nov,16,28.1,1366417754,5.36,471031528,20.593684,78.96288
668,Makiman131,15100000,4236036141,Gaming,Makiman131,2997,Spain,ES,Entertainment,1760,12,145,5972000,1500,23900,17900,286600,nan,2013,Feb,12,88.9,47076781,13.96,37927409,40.463667,-3.74922
671,EdisonPts,15100000,6668507856,Gaming,EdisonPts,3733,Russia,RU,Games,894,10,47,95603000,23900,382400,286800,4600000,100000,2013,Jun,24,81.9,144373535,4.59,107683889,61.52401,105.318756
677,MoreAliA,15000000,4352427049,Gaming,MoreAliA,2324,United Kingdom,GB,Games,1663,25,47,250995000,62700,1000000,753000,12000000,600000,2013,May,6,60,66834405,3.85,55908316,55.378051,-3.435973
680,League of Legends,15000000,7159750970,Gaming,League of Legends,1362,United States,US,Games,805,151,48,43133000,10800,172500,129400,2100000,nan,2009,Feb,9,88.2,328239523,14.7,270663028,37.09024,-95.712891
683,PlayStation,15000000,4741434420,Gaming,PlayStation,20292,United States,US,Games,1469,151,48,41789000,10400,167200,125400,2000000,100000,2005,Dec,16,88.2,328239523,14.7,270663028,37.09024,-95.712891
684,Kwebbelkop,15000000,6889304306,Gaming,Kwebbelkop,5198,United States,US,Film,857,151,37,29724000,7400,118900,89200,1400000,100000,2008,Apr,2,88.2,328239523,14.7,270663028,37.09024,-95.712891
688,BigSchool,15000000,9996133066,Gaming,Big School,68,nan,nan,Film,4056600,nan,5289,nan,0,0,0,0,nan,2020,Dec,2,nan,nan,nan,nan,nan,nan
702,TazerCraft,14900000,5956193599,Gaming,TazerCraft,4175,Brazil,BR,Games,1066,37,49,39775000,9900,159100,119300,1900000,100000,2011,Jul,13,51.3,212559417,12.08,183241641,-14.235004,-51.92528
707,Lachlan,14800000,5269059435,Gaming,Lachlan,3834,Australia,AU,Games,1253,7,50,21072000,5300,84300,63200,1000000,nan,2013,Mar,19,113.1,25766605,5.27,21844756,-25.274398,133.775136
728,Jesser,14600000,3603556207,Gaming,Jesser,1244,United States,US,Entertainment,2223,155,150,92594000,23100,370400,277800,4400000,400000,2012,Jul,9,88.2,328239523,14.7,270663028,37.09024,-95.712891
730,PrestonPlayz,14600000,5766647017,Gaming,Preston,4009,United States,US,Entertainment,621,78,72,151697000,37900,606800,455100,7300000,200000,2012,Jul,4,88.2,328239523,14.7,270663028,37.09024,-95.712891
754,Gyan Gamingï¿½,14400000,2224121890,Gaming,Gyan Gamingï¿½,3086,India,IN,Games,4292,107,52,13891000,3500,55600,41700,666800,100000,2017,Sep,1,28.1,1366417754,5.36,471031528,20.593684,78.96288
756,NOBRU,14400000,351763324,Gaming,nobru,2,nan,nan,People,4057274,nan,7596,2,0,0.01,0.01,0.1,1,2006,Feb,3,nan,nan,nan,nan,nan,nan
775,TommyInnit,14200000,2084791147,Gaming,TommyInnit,342,United Kingdom,GB,Games,4696,27,55,54291000,13600,217200,162900,2600000,200000,2015,Dec,24,60,66834405,3.85,55908316,55.378051,-3.435973
776,E-MasterSensei,14200000,3920559552,Gaming,E-MasterSensei,1300,Mexico,MX,Games,1971,28,54,44575000,11100,178300,133700,2100000,200000,2016,Jan,13,40.2,126014024,3.42,102626859,23.634501,-102.552784
793,AM3NlC,14000000,4959982720,Gaming,AM3NlC,5757,Brazil,BR,People,1392,45,49,10210000,2600,40800,30600,490100,nan,2012,Dec,15,51.3,212559417,12.08,183241641,-14.235004,-51.92528
796,ýýýýýýýýýýýý,14000000,7719743112,Gaming,ýýýýýýýýýýýý,2210,Russia,RU,Games,703,12,56,150570000,37600,602300,451700,7200000,200000,2013,Oct,26,81.9,144373535,4.59,107683889,61.52401,105.318756
803,Jazzghost,13900000,5673347763,Gaming,Jazzghost,5494,Brazil,BR,Games,1140,46,57,106718000,26700,426900,320200,5100000,100000,2012,Aug,30,51.3,212559417,12.08,183241641,-14.235004,-51.92528
817,ýýýýýýýý/Atro,13800000,2480957682,Gaming,ýýýýýýýý/Atro,1952,Netherlands,NL,Games,3690,4,58,55122000,13800,220500,165400,2600000,200000,2017,Jul,2,85,17332850,3.2,15924729,52.132633,5.291266
831,Desi Gamers,13700000,2135195239,Gaming,Desi gamers,1,nan,nan,Tech,4057849,nan,4183,5,0,0.02,0.02,0.24,nan,2020,Apr,14,nan,nan,nan,nan,nan,nan
832,Acenix,13600000,2122062016,Gaming,Acenix,368,Spain,ES,Games,4572,16,60,47436000,11900,189700,142300,2300000,200000,2014,Jan,2,88.9,47076781,13.96,37927409,40.463667,-3.74922
839,BUDI01 GAMING,13500000,1181292450,Gaming,BUDI01 GAMING,319,Indonesia,ID,Games,9540,29,61,13436000,3400,53700,40300,644900,nan,2019,Jul,19,36.3,270203917,4.69,151509724,-0.789275,113.921327
840,Typical Gamer,13500000,4301581610,Gaming,Typical Gamer,4312,Canada,CA,Games,1716,11,61,32557000,8100,130200,97700,1600000,nan,2008,Aug,24,68.9,36991981,5.56,30628482,56.130366,-106.346771
857,H2ODelirious,13400000,4356686216,Gaming,H2ODelirious,3727,United States,US,Games,1683,166,62,16785000,4200,67100,50400,805700,nan,2007,May,24,88.2,328239523,14.7,270663028,37.09024,-95.712891
862,theRadBrad,13300000,6050102764,Gaming,theRadBrad,8195,United States,US,Games,1038,167,63,15694000,3900,62800,47100,753300,nan,2006,Nov,27,88.2,328239523,14.7,270663028,37.09024,-95.712891
870,penguinz0,13300000,7773543609,Gaming,penguinz0,4613,United States,US,Entertainment,689,166,162,188948000,47200,755800,566800,9100000,200000,2007,May,7,88.2,328239523,14.7,270663028,37.09024,-95.712891
873,BanderitaX,13300000,4129249415,Gaming,BanderitaX,1640,Saudi Arabia,SA,Games,1818,7,63,70712000,17700,282800,212100,3400000,200000,2013,Aug,20,68,34268528,5.93,28807838,23.885942,45.079162
874,AzzyLand,13300000,6412313570,Gaming,AzzyLand,1749,Canada,CA,Entertainment,949,12,163,5387000,1300,21500,16200,258600,100000,2015,May,8,68.9,36991981,5.56,30628482,56.130366,-106.346771
877,Brawl Stars,13200000,2036408398,Gaming,Brawl Stars,172,Finland,FI,Games,4846,1,64,20369000,5100,81500,61100,977700,nan,2017,Apr,28,88.2,5520314,6.59,4716888,61.92411,25.748151
906,GH'S,13000000,8739174649,Gaming,GH'S,510,South Korea,KR,Games,553,15,65,1081000000,270300,4300000,3200000,51900000,1000000,2020,Jul,7,94.3,51709098,4.15,42106719,35.907757,127.766922
941,Piuzinho,12700000,1081285962,Gaming,Piuzinho,504,Brazil,BR,Games,10642,53,67,3619000,905,14500,10900,173700,nan,2015,May,13,51.3,212559417,12.08,183241641,-14.235004,-51.92528
944,Morgz,12600000,3303595310,Gaming,Morgz,825,United Kingdom,GB,Entertainment,2491,32,170,58838000,14700,235400,176500,2800000,100000,2014,Jun,10,60,66834405,3.85,55908316,55.378051,-3.435973
954,Yair17,12500000,1402042328,Gaming,Yair17,1109,Mexico,MX,Games,7741,33,68,8869000,2200,35500,26600,425700,nan,2014,Jan,22,40.2,126014024,3.42,102626859,23.634501,-102.552784
974,LOUD,12400000,2394143260,Gaming,WatchLOUD,690,United States,US,Entertainment,186431,1795,1759,27596,7,110,83,1300,nan,2006,Jan,4,88.2,328239523,14.7,270663028,37.09024,-95.712891
978,Timba Vk,12400000,2840137980,Gaming,Timba Vk,1024,Spain,ES,Games,3116,19,68,24022000,6000,96100,72100,1200000,100000,2012,Jun,16,88.9,47076781,13.96,37927409,40.463667,-3.74922
980,DaniRep | +6 Vï¿½ï¿½ï¿½ï¿½ï¿½ï¿½ï¿½ï¿½ï¿½ï¿½ï,12400000,6933660906,Gaming,DaniRep | +6 Vï¿½ï¿½ï¿½ï¿½ï¿½ï¿½ï¿½ï¿½ï¿½ï¿½ï,12419,Spain,ES,Games,847,19,68,82648000,20700,330600,247900,4000000,100000,2012,Oct,29,88.9,47076781,13.96,37927409,40.463667,-3.74922
994,RobTopGames,12300000,374123483,Gaming,RobTopGames,39,Sweden,SE,Games,35112,4,69,3871000,968,15500,11600,185800,100000,2012,May,9,67,10285453,6.48,9021165,60.128161,18.643501
